/*--------------------------------*- C++ -*----------------------------------*\
| =========                 |                                                 |
| \\      /  F ield         | OpenFOAM: The Open Source CFD Toolbox           |
|  \\    /   O peration     | Version:  v2006                                 |
|   \\  /    A nd           | Website:  www.openfoam.com                      |
|    \\/     M anipulation  |                                                 |
\*---------------------------------------------------------------------------*/
FoamFile
{
    version     2.0;
    format      ascii;
    class       volScalarField;
    location    "0";
    object      Ma;
}
// * * * * * * * * * * * * * * * * * * * * * * * * * * * * * * * * * * * * * //

dimensions      [0 0 0 0 0 0 0];


internalField   nonuniform List<scalar> 
10150
(
3.33159
3.33157
3.33157
3.33154
3.33154
3.33115
3.33124
3.32987
3.32937
3.3175
3.32058
3.26967
3.23458
2.93251
2.5217
2.11297
1.92783
1.90837
1.91128
1.91428
1.9126
1.90961
1.90546
1.90253
1.9009
1.89958
1.89672
1.89422
1.89331
1.89196
1.8894
1.88513
1.88225
1.87967
1.87735
3.33159
3.33157
3.33157
3.33152
3.33152
3.3313
3.33129
3.32936
3.32899
3.31601
3.32068
3.27109
3.23713
2.93998
2.53527
2.12061
1.92907
1.90793
1.91103
1.91451
1.91302
1.91006
1.90606
1.90319
1.90152
1.90026
1.89752
1.89488
1.89389
1.89269
1.89017
1.88576
1.88289
1.88034
1.87823
3.33159
3.33159
3.33157
3.33152
3.33152
3.33132
3.33132
3.32952
3.32921
3.31707
3.32162
3.27419
3.24255
2.95603
2.56513
2.13729
1.93177
1.90705
1.91071
1.91521
1.91399
1.91101
1.90743
1.90448
1.90283
1.90164
1.89888
1.89592
1.89474
1.8935
1.89098
1.88668
1.88362
1.88101
1.87912
3.33159
3.33157
3.33159
3.33155
3.33155
3.33127
3.33132
3.33021
3.33019
3.32047
3.32354
3.27921
3.25114
2.98094
2.61024
2.16248
1.93667
1.90636
1.91076
1.91647
1.91583
1.91277
1.90952
1.90656
1.90446
1.90319
1.90058
1.89756
1.89631
1.89502
1.89312
1.88844
1.88482
1.88205
1.88019
3.33159
3.33159
3.33159
3.33157
3.33157
3.33144
3.33144
3.33054
3.33011
3.32288
3.3264
3.28643
3.26488
3.0135
2.662
2.20312
1.9456
1.90611
1.91125
1.91933
1.919
1.91602
1.91269
1.90936
1.90682
1.90551
1.90304
1.89991
1.89847
1.89733
1.89488
1.89076
1.88715
1.88442
1.88233
3.33159
3.33159
3.33159
3.33157
3.33157
3.33139
3.33142
3.33087
3.3307
3.32542
3.32962
3.29528
3.28282
3.0532
2.72869
2.25682
1.95819
1.90693
1.91358
1.92277
1.92233
1.9182
1.91505
1.91175
1.90892
1.90758
1.90534
1.90231
1.9009
1.90015
1.89854
1.89393
1.89108
1.88769
1.8858
3.33159
3.33159
3.33159
3.33157
3.33157
3.3314
3.33142
3.33094
3.3308
3.32665
3.32898
3.3052
3.30348
3.09975
2.78961
2.3293
1.9699
1.90347
1.91073
1.92199
1.92213
1.91834
1.91528
1.91268
1.9104
1.90933
1.90788
1.90512
1.90362
1.90304
1.90168
1.89814
1.89454
1.89326
1.89133
3.33159
3.33159
3.33159
3.33155
3.33155
3.33137
3.33139
3.33074
3.33051
3.32455
3.32936
3.28803
3.31566
3.11157
2.80928
2.34184
1.93801
1.90184
1.9096
1.92022
1.92135
1.91862
1.91595
1.91376
1.91185
1.91101
1.90987
1.90782
1.90673
1.90686
1.90667
1.90418
1.902
1.89951
1.89942
3.33159
3.33159
3.33159
3.33155
3.33155
3.33134
3.33137
3.33056
3.33042
3.32334
3.32907
3.27689
3.3308
3.10836
2.86795
2.35214
1.9352
1.90227
1.91019
1.91997
1.92157
1.9195
1.91781
1.91645
1.91514
1.91471
1.91407
1.91285
1.91238
1.91194
1.91258
1.91193
1.91116
1.91236
1.91496
3.33159
3.33159
3.33157
3.33157
3.33154
3.3315
3.33129
3.33114
3.32966
3.32896
3.32032
3.31351
3.25578
3.14954
2.9033
2.38826
1.93933
1.90276
1.91409
1.91866
1.92231
1.92051
1.91952
1.9181
1.91752
1.91763
1.91776
1.91739
1.91798
1.91875
1.92063
1.92285
1.92599
1.93147
1.94891
3.33159
3.33159
3.33157
3.33157
3.33154
3.33152
3.33129
3.33119
3.32967
3.32909
3.32104
3.31073
3.27533
3.14731
2.92685
2.40654
1.94796
1.90858
1.91409
1.91721
1.92281
1.92214
1.92072
1.91912
1.91913
1.91968
1.92079
1.92153
1.92289
1.92538
1.92755
1.9321
1.94049
1.95851
2.01961
3.33159
3.33159
3.33159
3.33157
3.33155
3.33152
3.33132
3.33125
3.32999
3.32926
3.32316
3.31263
3.27704
3.1618
2.95547
2.42825
1.96222
1.91419
1.91453
1.91829
1.92348
1.92338
1.92227
1.92048
1.9205
1.92096
1.92235
1.92462
1.92677
1.93138
1.93683
1.94261
1.95465
1.97806
2.04498
3.33159
3.33159
3.33159
3.33157
3.33154
3.33154
3.3313
3.33125
3.33029
3.32899
3.32299
3.315
3.26975
3.17032
2.98108
2.44974
1.98191
1.92032
1.91541
1.91927
1.92438
1.92479
1.92393
1.92276
1.92286
1.9236
1.92481
1.92764
1.93107
1.93567
1.94396
1.95368
1.96748
1.98874
2.04313
3.33159
3.33159
3.33159
3.33157
3.33155
3.33154
3.33135
3.33127
3.33039
3.32929
3.32341
3.31628
3.27811
3.17431
3.02937
2.47146
2.00178
1.92907
1.91598
1.9203
1.92574
1.92603
1.92519
1.92413
1.92426
1.9251
1.92731
1.92988
1.93515
1.94084
1.94862
1.96078
1.97857
1.99529
2.03886
3.33159
3.33159
3.33159
3.33159
3.33155
3.33154
3.33139
3.33132
3.33047
3.32956
3.32453
3.31865
3.28413
3.18972
3.04064
2.51631
2.0243
1.94063
1.91761
1.92184
1.92839
1.92875
1.92784
1.92704
1.92695
1.92772
1.92956
1.93317
1.93766
1.94527
1.95435
1.96428
1.98553
2.00183
2.02864
3.33159
3.33159
3.33159
3.33159
3.33159
3.33152
3.33154
3.33119
3.33109
3.32844
3.32834
3.30447
3.33411
3.18668
3.06494
2.55196
2.06443
1.95327
1.91977
1.92457
1.93033
1.93084
1.92983
1.92906
1.9292
1.9301
1.9319
1.93544
1.94075
1.94677
1.95875
1.96793
1.98712
2.00728
2.02902
3.33159
3.33159
3.33159
3.33157
3.33157
3.3315
3.33152
3.33124
3.33122
3.32873
3.32861
3.3082
3.32208
3.20615
3.09343
2.59436
2.10142
1.96691
1.92091
1.9263
1.93232
1.93279
1.93191
1.93126
1.93172
1.93291
1.9352
1.93826
1.94379
1.9488
1.96043
1.97004
1.98673
2.0074
2.02833
3.33159
3.33159
3.33159
3.33157
3.33157
3.3315
3.33152
3.3312
3.33125
3.32866
3.32856
3.31151
3.32393
3.21052
3.1116
2.64692
2.13447
1.99235
1.92715
1.93074
1.9355
1.93518
1.93387
1.93265
1.93331
1.93474
1.93796
1.9412
1.94747
1.95185
1.9616
1.97221
1.9852
2.00554
2.02597
3.33159
3.33159
3.33159
3.33159
3.33157
3.33154
3.33154
3.3313
3.33117
3.32917
3.32884
3.314
3.32571
3.22396
3.12824
2.71806
2.20217
2.0073
1.93428
1.93985
1.94297
1.94183
1.93974
1.93586
1.93602
1.93681
1.9395
1.94263
1.94942
1.95485
1.96264
1.97403
1.9852
2.00175
2.02118
3.33159
3.33159
3.33159
3.33157
3.33157
3.33152
3.33152
3.33127
3.33139
3.32974
3.32976
3.31724
3.3326
3.23104
3.15421
2.78953
2.28729
2.03191
1.94062
1.94801
1.94864
1.94793
1.9458
1.94255
1.94078
1.941
1.94228
1.94462
1.94988
1.9566
1.96368
1.97443
1.98542
1.99903
2.01554
3.33159
3.33159
3.33159
3.33159
3.33159
3.33154
3.33154
3.33139
3.33135
3.33001
3.32989
3.31795
3.32627
3.25156
3.1873
2.85373
2.38935
2.05499
1.94473
1.9467
1.95077
1.95204
1.95141
1.94911
1.94784
1.947
1.9474
1.94852
1.95135
1.95746
1.96395
1.97401
1.98479
1.99759
2.01147
3.33159
3.33159
3.33159
3.33159
3.33159
3.33155
3.33157
3.33137
3.33139
3.32994
3.32997
3.32066
3.31963
3.26725
3.21985
2.90847
2.49019
2.09109
1.95477
1.94581
1.94911
1.95275
1.95419
1.95461
1.9545
1.95468
1.95498
1.95558
1.95656
1.95977
1.96479
1.97357
1.98328
1.99533
2.00811
3.33159
3.33159
3.33159
3.33159
3.33159
3.33157
3.33157
3.33142
3.3314
3.33026
3.33034
3.32251
3.32164
3.27799
3.2428
2.96838
2.60076
2.1419
1.96565
1.94233
1.9464
1.95011
1.95427
1.95557
1.95807
1.95894
1.96057
1.96227
1.9632
1.96544
1.96802
1.97397
1.9825
1.99275
2.00428
3.33159
3.33159
3.33159
3.33159
3.33159
3.33157
3.33157
3.33145
3.33144
3.33059
3.33074
3.32513
3.32374
3.28962
3.26909
3.02712
2.69639
2.22024
1.98782
1.94056
1.94328
1.94929
1.95498
1.95786
1.95976
1.96335
1.96498
1.96827
1.97066
1.97256
1.97534
1.97776
1.98322
1.99202
2.00157
3.33159
3.33159
3.33159
3.33159
3.33159
3.33157
3.33155
3.33147
3.3314
3.33082
3.33094
3.32738
3.33325
3.30442
3.29813
3.08991
2.80201
2.30947
2.02305
1.9464
1.94716
1.95137
1.95674
1.95962
1.96073
1.9634
1.96763
1.97068
1.97594
1.9792
1.98298
1.98666
1.98882
1.99358
2.00164
3.33159
3.33159
3.33159
3.33159
3.33159
3.33157
3.33157
3.33139
3.33144
3.33094
3.33085
3.32586
3.33492
3.28601
3.32979
3.12882
2.8658
2.39025
1.99548
1.94463
1.9548
1.9576
1.96141
1.96379
1.96386
1.96454
1.96771
1.97113
1.97581
1.98204
1.98637
1.9927
1.99725
2.00126
2.00501
3.33159
3.33159
3.33159
3.33159
3.33159
3.33159
3.33155
3.33155
3.33135
3.33135
3.32992
3.32999
3.32076
3.31717
3.26086
3.21613
2.85068
2.37309
2.03953
1.9314
1.93912
1.94709
1.95758
1.96253
1.96415
1.96537
1.96806
1.97204
1.97549
1.98164
1.98736
1.9934
2.00042
2.00635
2.01229
3.33159
3.33159
3.33159
3.33159
3.33159
3.33159
3.33155
3.33155
3.33137
3.3313
3.33002
3.33019
3.32261
3.31941
3.27166
3.24106
2.90629
2.45287
2.09362
1.95426
1.94099
1.94758
1.95212
1.95486
1.96022
1.96414
1.96747
1.97172
1.97559
1.98033
1.98671
1.99277
1.99991
2.00691
2.01392
3.33159
3.33159
3.33159
3.33159
3.33159
3.33157
3.33157
3.33149
3.3315
3.33114
3.33112
3.32841
3.32624
3.30177
3.30101
3.19039
3.06361
2.48737
2.04311
1.96256
1.9404
1.94739
1.95186
1.9549
1.9563
1.96008
1.96529
1.97053
1.97521
1.97965
1.98525
1.99131
1.99792
2.00533
2.01299
3.33159
3.33159
3.33159
3.33159
3.33159
3.33159
3.33159
3.33154
3.33157
3.3312
3.33127
3.32879
3.32868
3.30813
3.33317
3.18937
3.09854
2.55806
2.06773
1.96794
1.93213
1.94149
1.9477
1.95294
1.95527
1.9568
1.9599
1.96539
1.97261
1.9781
1.98368
1.98961
1.99608
2.00265
2.00991
3.33159
3.33159
3.33159
3.33159
3.33159
3.33159
3.33159
3.33155
3.33154
3.33134
3.33132
3.32944
3.32941
3.31258
3.32372
3.20579
3.12769
2.62059
2.11185
1.98123
1.93031
1.93921
1.94692
1.95327
1.95614
1.95761
1.95959
1.96238
1.9664
1.97244
1.97905
1.98612
1.99322
2.00028
2.00729
3.33159
3.33159
3.33159
3.33159
3.33159
3.33159
3.33157
3.33155
3.33142
3.33145
3.33092
3.3307
3.32581
3.33292
3.28485
3.32572
3.09709
2.84082
2.29395
2.00111
1.9336
1.94034
1.94873
1.95741
1.96034
1.96119
1.96182
1.96323
1.96605
1.9696
1.97399
1.97915
1.98571
1.99342
2.00134
3.33159
3.33159
3.33159
3.33159
3.33159
3.33159
3.33157
3.33157
3.3314
3.33144
3.3307
3.3306
3.32413
3.33044
3.27934
3.33345
3.12519
2.89218
2.39258
1.98765
1.93543
1.94251
1.94749
1.95693
1.96219
1.96518
1.96719
1.96848
1.96926
1.97086
1.97402
1.97787
1.98231
1.98763
1.99374
3.33159
3.33159
3.33159
3.33159
3.33159
3.33157
3.33157
3.33154
3.33152
3.33134
3.3312
3.32987
3.32916
3.32258
3.31227
3.28587
3.15059
2.96001
2.42607
1.97882
1.93166
1.93457
1.94316
1.95391
1.96058
1.96431
1.9677
1.97046
1.9737
1.97564
1.97777
1.97972
1.98289
1.98689
1.99153
3.33159
3.33159
3.33159
3.33159
3.33159
3.33159
3.33157
3.33154
3.33154
3.33137
3.33122
3.33022
3.32917
3.32296
3.31497
3.27223
3.17461
2.9896
2.46498
1.99716
1.93392
1.92809
1.93603
1.94496
1.95234
1.95807
1.96432
1.96907
1.97321
1.97699
1.98024
1.98386
1.98669
1.98969
1.99276
3.33159
3.33159
3.33159
3.33159
3.33159
3.33159
3.33159
3.33155
3.33154
3.33137
3.3313
3.33037
3.32946
3.32428
3.31732
3.28047
3.18247
3.02939
2.50179
2.02477
1.94256
1.92368
1.93251
1.94114
1.94742
1.95076
1.95483
1.96077
1.96814
1.97447
1.97948
1.98378
1.98806
1.99197
1.99609
3.33159
3.33159
3.33159
3.33159
3.33159
3.33159
3.33157
3.33157
3.3315
3.33152
3.33117
3.33115
3.32836
3.32824
3.30738
3.3312
3.17946
3.07147
2.53738
2.05659
1.95576
1.92288
1.93191
1.9404
1.94654
1.94908
1.95064
1.95384
1.95819
1.96467
1.97234
1.97964
1.98592
1.99125
1.99601
3.33159
3.33159
3.33159
3.33159
3.33159
3.33159
3.33157
3.33157
3.3315
3.3315
3.33122
3.33124
3.32848
3.32849
3.3087
3.32081
3.19828
3.08346
2.58331
2.09024
1.96768
1.92286
1.9321
1.94049
1.94646
1.9484
1.94924
1.95102
1.95362
1.95768
1.96265
1.96888
1.97616
1.98403
1.99159
3.33159
3.33159
3.33159
3.33159
3.33159
3.33159
3.33157
3.33157
3.33149
3.3315
3.33127
3.33117
3.32893
3.32871
3.31026
3.3262
3.20332
3.10588
2.62507
2.12093
1.98184
1.92522
1.93421
1.94299
1.94804
1.94903
1.94957
1.95077
1.95292
1.95569
1.95916
1.96324
1.96799
1.97366
1.97991
3.33159
3.33159
3.33159
3.33159
3.33159
3.33159
3.33157
3.33157
3.3315
3.3315
3.33127
3.33122
3.32904
3.32902
3.30985
3.33355
3.21427
3.12663
2.68344
2.16699
1.99532
1.9284
1.93677
1.94529
1.95014
1.9508
1.95121
1.95208
1.95382
1.9561
1.95906
1.9624
1.96603
1.97008
1.9746
3.33159
3.33159
3.33159
3.33159
3.33159
3.33159
3.33157
3.33157
3.3315
3.33152
3.3313
3.33125
3.32927
3.32916
3.31392
3.32137
3.23539
3.13127
2.74786
2.22838
2.00889
1.93382
1.94208
1.94985
1.95418
1.955
1.95549
1.95651
1.95791
1.95969
1.96183
1.96426
1.96714
1.97038
1.97418
3.33159
3.33159
3.33159
3.33159
3.33159
3.33159
3.33159
3.33159
3.33152
3.33154
3.33134
3.33127
3.32951
3.32946
3.31435
3.33079
3.23606
3.15518
2.80337
2.30517
2.02491
1.93365
1.94366
1.94887
1.95409
1.95605
1.95726
1.95909
1.96134
1.96367
1.96619
1.96879
1.97152
1.97404
1.9768
3.33159
3.33159
3.33159
3.33159
3.33159
3.33159
3.33159
3.33159
3.33155
3.33157
3.33135
3.33137
3.32979
3.32981
3.31696
3.33022
3.24709
3.18175
2.84667
2.37478
2.04265
1.93417
1.93961
1.94388
1.9512
1.95428
1.95635
1.95892
1.96182
1.96484
1.96788
1.97101
1.97425
1.97755
1.98092
3.33159
3.33159
3.33159
3.33159
3.33159
3.33159
3.33159
3.33159
3.33155
3.33157
3.33137
3.3314
3.32989
3.32997
3.3205
3.3173
3.26629
3.22883
2.88139
2.43119
2.06567
1.94153
1.93839
1.94266
1.95032
1.95427
1.95632
1.95841
1.96118
1.96426
1.96748
1.97092
1.97445
1.97808
1.98184
3.33159
3.33159
3.33159
3.33159
3.33159
3.33159
3.33159
3.33157
3.33157
3.33144
3.33145
3.33097
3.33095
3.32663
3.32624
3.29632
3.31295
3.17486
3.03037
2.45013
2.01595
1.93628
1.93329
1.93906
1.94826
1.95455
1.95785
1.96004
1.96233
1.96474
1.96754
1.97055
1.97392
1.9774
1.9813
3.33159
3.33159
3.33159
3.33159
3.33159
3.33159
3.33159
3.33159
3.33157
3.33157
3.33142
3.33139
3.33031
3.33032
3.32319
3.32032
3.27946
3.25617
2.96585
2.59748
2.12099
1.93484
1.91551
1.92489
1.93597
1.94641
1.9522
1.95581
1.95985
1.96369
1.96719
1.97051
1.97393
1.97733
1.98082
3.33159
3.33159
3.33159
3.33159
3.33159
3.33159
3.33159
3.33159
3.33155
3.33154
3.3314
3.33134
3.33041
3.3306
3.32489
3.32291
3.28627
3.26008
3.00794
2.64858
2.20412
1.95845
1.91346
1.9226
1.93204
1.94218
1.9477
1.95119
1.95423
1.95814
1.96263
1.9671
1.97152
1.97581
1.97978
3.33159
3.33159
3.33159
3.33159
3.33159
3.33159
3.33159
3.33159
3.33157
3.33157
3.33147
3.33145
3.33077
3.33092
3.32668
3.3271
3.2942
3.28131
3.04894
2.72987
2.24608
1.97392
1.9149
1.92678
1.93915
1.94697
1.9493
1.95067
1.95249
1.95497
1.95798
1.96106
1.96457
1.9687
1.97316
3.33159
3.33159
3.33159
3.33159
3.33159
3.33159
3.33159
3.33159
3.33157
3.33155
3.33149
3.3314
3.33085
3.331
3.32697
3.32771
3.29807
3.29133
3.08373
2.77175
2.33107
1.98508
1.91219
1.92418
1.94223
1.95255
1.95465
1.95476
1.95535
1.95687
1.95896
1.96115
1.96371
1.96684
1.97044
3.33159
3.33159
3.33159
3.33159
3.33159
3.33159
3.33159
3.33159
3.33155
3.33157
3.33142
3.33142
3.33085
3.33087
3.32561
3.33215
3.28633
3.32886
3.10886
2.82769
2.32945
1.95653
1.8979
1.91121
1.93201
1.94315
1.94693
1.94852
1.95052
1.95295
1.95547
1.95822
1.96104
1.96403
1.9672
3.33159
3.33159
3.33159
3.33159
3.33159
3.33159
3.33159
3.33159
3.33159
3.33154
3.33155
3.33124
3.33125
3.32896
3.32931
3.31433
3.31374
3.2358
3.19376
2.69058
2.2051
1.95916
1.90328
1.9129
1.93034
1.93848
1.94128
1.94294
1.94503
1.94744
1.94985
1.95235
1.95495
1.95764
1.96034
3.33159
3.33159
3.33159
3.33159
3.33159
3.33159
3.33159
3.33159
3.33155
3.33155
3.33139
3.3314
3.33074
3.33079
3.32456
3.33054
3.28024
3.33729
3.10837
2.8787
2.3293
1.94104
1.90094
1.91217
1.93003
1.93862
1.94111
1.9426
1.94466
1.94715
1.94971
1.95231
1.95484
1.95738
1.95988
3.33159
3.33159
3.33159
3.33159
3.33159
3.33159
3.33159
3.33159
3.33159
3.33155
3.33155
3.33135
3.3314
3.32984
3.32979
3.31614
3.32438
3.23483
3.16751
2.75986
2.23116
1.9906
1.90912
1.91542
1.92802
1.93465
1.93775
1.93966
1.94161
1.94408
1.94693
1.94995
1.95292
1.95576
1.95851
3.33159
3.33159
3.33159
3.33159
3.33159
3.33159
3.33159
3.33159
3.33159
3.33155
3.33155
3.33137
3.33139
3.32997
3.32979
3.31734
3.3246
3.2403
3.17576
2.78164
2.25552
1.99394
1.91362
1.91956
1.93172
1.93847
1.94104
1.94208
1.94329
1.94518
1.94771
1.95054
1.95337
1.95615
1.95886
3.33159
3.33159
3.33159
3.33159
3.33159
3.33159
3.33159
3.33159
3.33157
3.33155
3.3314
3.33145
3.33065
3.33079
3.32407
3.32873
3.28094
3.34606
3.11469
2.91244
2.35054
1.95455
1.9058
1.91713
1.92921
1.93822
1.94181
1.94345
1.94509
1.94733
1.94989
1.95264
1.9554
1.95822
1.96098
3.33159
3.33159
3.33159
3.33159
3.33159
3.33159
3.33159
3.33159
3.33159
3.33155
3.33157
3.3313
3.33134
3.32949
3.32944
3.31696
3.31461
3.25653
3.1908
2.81863
2.3069
2.0186
1.9114
1.92028
1.92567
1.93331
1.93698
1.93929
1.94161
1.94431
1.94721
1.95031
1.95348
1.95672
1.95993
3.33159
3.33159
3.33159
3.33159
3.33159
3.33159
3.33159
3.33159
3.33159
3.33155
3.33157
3.33134
3.33132
3.32962
3.32969
3.31895
3.31688
3.25507
3.20412
2.83029
2.33138
2.02011
1.91509
1.92333
1.92752
1.93617
1.94005
1.9415
1.94276
1.94469
1.94706
1.94963
1.95227
1.95507
1.95802
3.33159
3.33159
3.33159
3.33159
3.33159
3.33159
3.33159
3.33159
3.33157
3.33157
3.33147
3.33152
3.33082
3.33077
3.32526
3.3247
3.28458
3.30554
3.16199
2.95611
2.38234
1.95852
1.9099
1.91523
1.92553
1.93558
1.93983
1.94154
1.94307
1.94526
1.94777
1.95042
1.95313
1.95589
1.95878
3.33159
3.33159
3.33159
3.33159
3.33159
3.33159
3.33159
3.33159
3.33159
3.33155
3.33155
3.33132
3.33125
3.32959
3.32979
3.3193
3.31808
3.25992
3.21707
2.85579
2.37658
2.04174
1.91665
1.91731
1.92356
1.93238
1.93666
1.93857
1.9404
1.94265
1.94529
1.94807
1.95107
1.95411
1.95733
3.33159
3.33159
3.33159
3.33159
3.33159
3.33159
3.33159
3.33159
3.33159
3.33155
3.33157
3.33137
3.3314
3.33001
3.33021
3.32152
3.31875
3.26469
3.23131
2.86819
2.38802
2.05019
1.92283
1.92216
1.92822
1.93744
1.9421
1.94383
1.94499
1.9464
1.94842
1.9507
1.95336
1.9561
1.95911
3.33159
3.33159
3.33159
3.33159
3.33159
3.33159
3.33159
3.33159
3.33157
3.33157
3.33152
3.3315
3.331
3.33112
3.32713
3.32761
3.29323
3.31775
3.1588
3.00545
2.40984
1.97107
1.90838
1.91065
1.91944
1.93043
1.93646
1.93924
1.94121
1.94317
1.94556
1.9481
1.95093
1.95378
1.95684
3.33159
3.33159
3.33159
3.33159
3.33159
3.33159
3.33159
3.33159
3.33157
3.33157
3.33147
3.3315
3.33115
3.33115
3.32785
3.32778
3.30056
3.32871
3.15956
3.01927
2.42648
1.97407
1.9016
1.90144
1.90823
1.91964
1.9256
1.92827
1.93029
1.9326
1.93541
1.93857
1.94201
1.9456
1.94937
3.33159
3.33159
3.33159
3.33159
3.33159
3.33159
3.33159
3.33159
3.33159
3.33155
3.33155
3.33139
3.33139
3.33001
3.33004
3.32131
3.3178
3.26744
3.24228
2.88891
2.45238
2.06685
1.92006
1.9128
1.91953
1.93014
1.93544
1.93768
1.9393
1.94141
1.94378
1.94642
1.94911
1.95198
1.95498
3.33159
3.33159
3.33159
3.33159
3.33159
3.33159
3.33159
3.33159
3.33157
3.33157
3.33147
3.3315
3.33102
3.33114
3.327
3.3269
3.30345
3.31374
3.17321
3.0314
2.4456
1.99707
1.90856
1.90417
1.91117
1.92321
1.92958
1.93244
1.9343
1.93661
1.93917
1.942
1.94479
1.94781
1.95104
3.33159
3.33159
3.33159
3.33159
3.33159
3.33159
3.33159
3.33159
3.33159
3.33155
3.33155
3.33139
3.33139
3.33006
3.33012
3.32175
3.3187
3.26865
3.24546
2.90028
2.47476
2.07737
1.92261
1.91287
1.92047
1.93177
1.93804
1.94092
1.94301
1.94538
1.94808
1.9509
1.95373
1.95658
1.95953
3.33159
3.33159
3.33159
3.33159
3.33159
3.33159
3.33159
3.33159
3.33157
3.33157
3.33147
3.33149
3.33114
3.33114
3.32801
3.32783
3.30038
3.33461
3.16041
3.03609
2.44482
1.98782
1.90657
1.90035
1.90679
1.91813
1.92414
1.92689
1.92888
1.93099
1.93351
1.93633
1.93947
1.94297
1.94667
2.00484
1.88949
1.80024
1.74339
1.75204
1.76171
1.76617
1.76791
1.77012
1.77241
1.77584
1.77827
1.78064
1.78159
1.78193
1.78209
1.78215
1.78188
1.78131
1.78027
1.77898
1.77741
1.77575
1.77407
1.77248
1.77121
1.76999
1.76918
1.76832
1.76775
1.76747
1.76735
1.76748
1.76784
1.76851
1.76923
1.77008
1.77092
1.77223
1.77338
1.77522
1.77665
1.77841
1.78003
1.78179
1.78383
1.78604
1.78826
1.79064
1.79297
1.79542
1.7979
1.80035
1.80305
1.80565
1.80833
1.811
1.8137
1.8164
1.81911
1.82185
1.82463
1.82738
1.83014
1.83298
1.8357
1.83858
1.8413
1.84417
1.84691
1.84976
1.85251
1.85533
1.85809
1.86091
1.86369
1.86651
1.86934
1.87222
1.87509
1.87795
1.88076
1.88351
1.88622
1.88883
1.89142
1.89388
1.89632
1.89865
1.9009
1.90308
1.90515
1.90716
1.90906
1.91088
1.9126
1.91423
1.91572
1.91719
1.91842
1.91967
1.92066
1.92164
1.92236
1.92303
1.92342
1.92373
1.92371
1.92354
1.92318
1.92231
1.92163
1.92021
1.91933
1.91747
1.9156
1.91283
1.91022
1.90686
1.90366
1.89984
1.89627
1.89224
1.88857
1.88465
1.88121
1.87768
1.8747
1.87176
1.86936
1.8671
1.86528
1.86368
1.86239
1.86136
1.86057
1.86006
1.85973
1.85952
1.86017
2.05492
1.98535
1.89757
1.79634
1.75413
1.73351
1.70011
1.6724
1.68437
1.68488
1.68504
1.68532
1.68542
1.6847
1.68503
1.68682
1.68821
1.69036
1.69245
1.69543
1.69898
1.70297
1.70757
1.71221
1.71649
1.71952
1.72295
1.72693
1.73175
1.73664
1.74192
1.7469
1.75215
1.75723
1.76271
1.7681
1.77357
1.77902
1.78464
1.79029
1.79608
1.80171
1.80743
1.81312
1.81882
1.82449
1.83011
1.83577
1.84123
1.84678
1.85207
1.85749
1.86264
1.86792
1.87314
1.8782
1.88322
1.88808
1.89289
1.89757
1.90223
1.90673
1.91124
1.91559
1.91994
1.92417
1.92837
1.93254
1.93665
1.94077
1.94485
1.94893
1.95299
1.95703
1.96105
1.96505
1.969
1.97283
1.97656
1.98008
1.98355
1.98688
1.99017
1.99344
1.99664
1.99992
2.00307
2.00634
2.00951
2.0127
2.0159
2.019
2.02215
2.02519
2.02819
2.03119
2.03397
2.03687
2.03948
2.04214
2.04463
2.04696
2.04926
2.05124
2.05325
2.05487
2.05646
2.05767
2.05875
2.05945
2.05991
2.06005
2.06002
2.05991
2.05937
2.05848
2.05668
2.05498
2.05232
2.04995
2.04659
2.04367
2.03981
2.0366
2.03255
2.02936
2.0254
2.02247
2.01881
2.01628
2.01305
2.01092
2.00822
2.00643
2.00426
2.00275
2.00101
1.99973
1.99846
1.99745
2.05841
2.04208
1.99819
1.9509
1.89661
1.839
1.8023
1.74906
1.71927
1.70017
1.68872
1.67945
1.67427
1.66924
1.66723
1.66641
1.6646
1.66581
1.66864
1.67422
1.68098
1.6891
1.69785
1.70671
1.71603
1.72531
1.73544
1.74571
1.75625
1.7669
1.77792
1.78862
1.79932
1.80993
1.82003
1.8301
1.8403
1.8502
1.85976
1.86873
1.87724
1.88508
1.89253
1.89947
1.90612
1.91234
1.91834
1.92395
1.9294
1.93454
1.93949
1.94418
1.94874
1.95327
1.95771
1.96202
1.96617
1.97024
1.97418
1.97806
1.98182
1.98551
1.9891
1.99259
1.99604
1.99934
2.00266
2.00579
2.00895
2.01193
2.01488
2.01774
2.02049
2.02322
2.0258
2.02837
2.03086
2.03326
2.03568
2.03799
2.04032
2.04259
2.04482
2.04707
2.04919
2.05145
2.05345
2.0557
2.05766
2.05986
2.06187
2.064
2.06604
2.06813
2.07016
2.07222
2.07418
2.0762
2.07809
2.08002
2.08187
2.08368
2.08554
2.0872
2.08905
2.09057
2.09223
2.09355
2.09489
2.09573
2.09662
2.09687
2.09741
2.09748
2.09723
2.09667
2.09545
2.09408
2.09214
2.09006
2.08765
2.08514
2.08258
2.07998
2.07756
2.07529
2.07335
2.07172
2.07042
2.06956
2.06895
2.06881
2.06892
2.0693
2.06976
2.07078
2.07148
2.07296
2.07365
2.07637
2.06315
2.0684
2.05526
2.03469
2.00737
1.97501
1.94083
1.91046
1.87622
1.8445
1.81945
1.79788
1.783
1.77026
1.76337
1.75789
1.7569
1.75818
1.76127
1.76759
1.77558
1.78507
1.79583
1.80761
1.8199
1.83255
1.84544
1.85829
1.87096
1.883
1.89449
1.90517
1.91554
1.92489
1.93404
1.94224
1.94947
1.95569
1.96127
1.96613
1.97056
1.97449
1.9782
1.98158
1.98486
1.9879
1.9909
1.99372
1.99655
1.99924
2.0019
2.00442
2.00695
2.00952
2.01218
2.01476
2.01732
2.01982
2.02238
2.02486
2.02745
2.02994
2.03256
2.03506
2.03772
2.04024
2.04298
2.0455
2.04831
2.05087
2.05371
2.05636
2.05917
2.06191
2.06473
2.06747
2.07036
2.07302
2.07604
2.0786
2.0817
2.08421
2.08729
2.08982
2.09283
2.09538
2.09832
2.10083
2.1037
2.10618
2.10892
2.11137
2.11394
2.11635
2.11874
2.12105
2.12327
2.1254
2.12741
2.1293
2.13101
2.13252
2.13378
2.13477
2.13546
2.13588
2.13587
2.13573
2.13527
2.1347
2.13348
2.1326
2.13101
2.1301
2.12829
2.12634
2.12385
2.12126
2.11814
2.11495
2.1114
2.10777
2.10404
2.10024
2.09666
2.09306
2.08988
2.08687
2.08424
2.08209
2.08013
2.07878
2.07773
2.07698
2.07683
2.07695
2.07724
2.07811
2.07854
2.08099
2.0607
2.07564
2.08014
2.07554
2.06537
2.05068
2.03257
2.01343
1.99569
1.97808
1.96345
1.94971
1.93915
1.92992
1.92405
1.9199
1.91904
1.91981
1.92178
1.92576
1.93063
1.93657
1.94292
1.94958
1.95631
1.96287
1.96914
1.975
1.98037
1.98515
1.9894
1.99319
1.99658
1.99961
2.0023
2.00453
2.00655
2.00827
2.0099
2.01132
2.01274
2.01405
2.01544
2.01679
2.01825
2.01969
2.02123
2.02277
2.02442
2.02604
2.02775
2.02933
2.03104
2.03279
2.03478
2.0367
2.03871
2.04061
2.04268
2.04464
2.04678
2.04883
2.05102
2.05315
2.05541
2.05761
2.05998
2.0622
2.06474
2.06696
2.06964
2.0719
2.07467
2.07702
2.07981
2.08229
2.08505
2.08764
2.09037
2.09305
2.09577
2.09849
2.10122
2.10394
2.10668
2.10939
2.11213
2.11482
2.11751
2.12024
2.12282
2.12558
2.12807
2.13078
2.13321
2.13579
2.13817
2.1406
2.14287
2.14517
2.14733
2.14951
2.15153
2.15358
2.15537
2.15721
2.15866
2.1601
2.1611
2.16188
2.16227
2.16227
2.16222
2.16198
2.16126
2.16001
2.15845
2.15638
2.15396
2.15121
2.1481
2.14489
2.14148
2.13805
2.13471
2.13148
2.12837
2.12568
2.12293
2.12083
2.11854
2.11697
2.11501
2.11391
2.11219
2.11138
2.10989
2.10927
2.10776
2.10753
2.05164
2.07407
2.08612
2.09148
2.09263
2.08873
2.08257
2.07364
2.06544
2.05677
2.04987
2.04307
2.03798
2.03314
2.03009
2.02776
2.02737
2.02769
2.02849
2.02966
2.03123
2.03303
2.03489
2.03669
2.03835
2.03978
2.04107
2.04207
2.04288
2.04343
2.04383
2.04407
2.04422
2.04428
2.04423
2.04427
2.04432
2.04438
2.04453
2.0447
2.045
2.04534
2.04581
2.04635
2.04705
2.04779
2.04872
2.04965
2.05079
2.05187
2.05317
2.05426
2.05562
2.05692
2.05861
2.06021
2.06202
2.06372
2.06562
2.06744
2.06949
2.07141
2.07363
2.0756
2.07798
2.07998
2.08253
2.08459
2.08723
2.0894
2.09207
2.09439
2.09706
2.09951
2.1022
2.10474
2.10746
2.11006
2.1128
2.11543
2.11819
2.12083
2.12362
2.12625
2.12902
2.13164
2.13437
2.13699
2.13965
2.14227
2.14487
2.14744
2.14997
2.15246
2.15491
2.15728
2.15961
2.16183
2.16401
2.16606
2.168
2.16983
2.1715
2.17304
2.17438
2.17559
2.17656
2.17734
2.17788
2.17814
2.17807
2.17787
2.17757
2.17714
2.1762
2.17489
2.17333
2.17131
2.169
2.16638
2.1634
2.16038
2.157
2.15383
2.15036
2.14735
2.14408
2.14148
2.13868
2.13664
2.13445
2.13298
2.13143
2.13052
2.12957
2.12913
2.12862
2.12848
2.12798
2.12855
2.05038
2.06655
2.08482
2.0947
2.102
2.10467
2.1059
2.10415
2.10207
2.09946
2.09738
2.09539
2.09389
2.09246
2.09146
2.0906
2.09048
2.09067
2.09131
2.09126
2.09119
2.09102
2.09078
2.09027
2.08969
2.08876
2.08784
2.08661
2.08549
2.0841
2.0829
2.08149
2.08035
2.07908
2.07814
2.0771
2.0764
2.07561
2.07513
2.07458
2.0743
2.07398
2.07385
2.07389
2.07402
2.07423
2.07468
2.07507
2.07581
2.07641
2.07732
2.07799
2.07893
2.07983
2.08113
2.08234
2.08385
2.08514
2.08682
2.08818
2.09003
2.09152
2.0935
2.09513
2.0972
2.09899
2.10111
2.10305
2.10522
2.10731
2.10954
2.11175
2.11404
2.11636
2.11872
2.12112
2.12356
2.12601
2.12853
2.13103
2.13359
2.13616
2.13875
2.14138
2.14399
2.14666
2.14934
2.15199
2.15472
2.15736
2.16006
2.16273
2.16531
2.16799
2.17045
2.17307
2.17542
2.17792
2.18015
2.18247
2.18453
2.18665
2.1885
2.19034
2.19191
2.19342
2.19465
2.19574
2.19653
2.19706
2.19728
2.19728
2.19725
2.19696
2.19623
2.19526
2.19374
2.19216
2.18989
2.18773
2.18488
2.18232
2.17906
2.17641
2.17303
2.17049
2.16728
2.16499
2.16211
2.16021
2.1577
2.15623
2.1541
2.15297
2.1511
2.15018
2.14852
2.14775
2.14618
2.14544
2.0476
2.06517
2.07873
2.09263
2.10326
2.10992
2.1149
2.11769
2.11954
2.12065
2.12166
2.12257
2.12342
2.12419
2.12473
2.12523
2.12544
2.1258
2.12595
2.12627
2.12575
2.12478
2.12358
2.12216
2.12051
2.11871
2.11669
2.11464
2.11241
2.11025
2.108
2.10588
2.10377
2.1018
2.09997
2.09822
2.0967
2.09521
2.09399
2.09275
2.09183
2.09086
2.09025
2.08959
2.08929
2.08893
2.08897
2.08909
2.08939
2.08972
2.09036
2.09082
2.09156
2.09226
2.0934
2.09448
2.09588
2.09716
2.09867
2.10013
2.10174
2.10337
2.10508
2.10685
2.10867
2.11055
2.11248
2.11444
2.11649
2.11852
2.12065
2.12279
2.12495
2.1272
2.12939
2.13175
2.13397
2.1364
2.13867
2.14113
2.14346
2.14594
2.14834
2.15083
2.15326
2.15578
2.15822
2.16076
2.1632
2.16576
2.16821
2.17076
2.17318
2.1757
2.17806
2.18054
2.18281
2.1852
2.18736
2.1896
2.19162
2.19364
2.19547
2.19723
2.1988
2.20023
2.20146
2.20248
2.20328
2.20375
2.20397
2.20405
2.20403
2.20374
2.20293
2.20217
2.20052
2.19937
2.19703
2.19535
2.19257
2.19039
2.18739
2.18496
2.1819
2.17946
2.17652
2.17426
2.17165
2.16974
2.16762
2.16615
2.16458
2.1636
2.16255
2.16201
2.16137
2.16116
2.16053
2.16106
2.04123
2.06103
2.07661
2.08851
2.0994
2.10937
2.11695
2.1225
2.12688
2.1303
2.13335
2.13599
2.13849
2.14058
2.14248
2.14384
2.14504
2.14554
2.14609
2.14621
2.1464
2.14574
2.14434
2.14286
2.1409
2.13895
2.1366
2.1343
2.13168
2.12922
2.12651
2.12406
2.12141
2.11912
2.1167
2.11468
2.11257
2.11087
2.10913
2.10776
2.10638
2.10534
2.10434
2.10365
2.10304
2.10272
2.1025
2.10251
2.10273
2.10303
2.1036
2.10401
2.10471
2.10533
2.10642
2.10742
2.10877
2.11
2.11147
2.11289
2.11447
2.11603
2.11773
2.11941
2.12123
2.123
2.12493
2.12678
2.1288
2.13072
2.13282
2.1348
2.13696
2.13901
2.14123
2.14333
2.14561
2.14776
2.15009
2.15228
2.15466
2.1569
2.1593
2.16161
2.16401
2.16638
2.16878
2.17123
2.17361
2.1761
2.17845
2.18094
2.18327
2.18574
2.18804
2.19042
2.19268
2.19494
2.1971
2.19921
2.20124
2.20315
2.20497
2.20664
2.20818
2.20957
2.21072
2.21175
2.21243
2.21296
2.2131
2.21335
2.21332
2.21302
2.21227
2.21159
2.2101
2.2091
2.20706
2.20563
2.20324
2.20145
2.19879
2.19682
2.19406
2.19203
2.18934
2.18742
2.18495
2.18331
2.1812
2.17992
2.17822
2.17731
2.17599
2.17539
2.17437
2.17395
2.17282
2.17293
2.03393
2.052
2.07013
2.08439
2.09641
2.106
2.1146
2.12222
2.12844
2.13375
2.13816
2.14219
2.1457
2.14894
2.15165
2.15399
2.15574
2.15701
2.15773
2.15822
2.15835
2.15833
2.15757
2.15602
2.15429
2.15211
2.14987
2.14733
2.14471
2.14194
2.13913
2.1363
2.1335
2.13081
2.1282
2.12579
2.12351
2.12146
2.11957
2.11791
2.1164
2.11513
2.11401
2.11315
2.11241
2.11195
2.1116
2.11153
2.11155
2.11179
2.11221
2.11259
2.11308
2.1137
2.11454
2.11556
2.11668
2.11794
2.11922
2.12065
2.12208
2.12363
2.12521
2.12685
2.12857
2.13028
2.13212
2.13391
2.13583
2.13768
2.13967
2.1416
2.14362
2.14562
2.1477
2.14975
2.15188
2.15399
2.15618
2.15836
2.16059
2.16283
2.1651
2.1674
2.16971
2.17206
2.17438
2.17677
2.1791
2.18152
2.18384
2.18627
2.18857
2.19099
2.19325
2.19561
2.19783
2.20007
2.20221
2.2043
2.2063
2.20821
2.20999
2.21168
2.21314
2.21457
2.21564
2.21671
2.21731
2.21788
2.21805
2.21845
2.21836
2.21808
2.21737
2.21675
2.2154
2.21451
2.21274
2.2115
2.20947
2.20797
2.2057
2.20397
2.20157
2.19972
2.1973
2.19548
2.1932
2.19154
2.18955
2.1882
2.18659
2.18562
2.18442
2.18381
2.18297
2.18264
2.18179
2.18215
2.02772
2.04365
2.06013
2.07519
2.08892
2.10047
2.11019
2.11844
2.12557
2.13186
2.13765
2.14264
2.14717
2.15112
2.15468
2.15761
2.16012
2.16193
2.16329
2.16403
2.16447
2.16441
2.1643
2.16356
2.16207
2.16015
2.15805
2.1557
2.15323
2.15056
2.14785
2.14503
2.14228
2.13951
2.1369
2.13438
2.13205
2.12986
2.1279
2.12609
2.1245
2.12307
2.12186
2.12081
2.11997
2.11929
2.11882
2.11849
2.11839
2.11841
2.11862
2.11887
2.11917
2.11965
2.12031
2.12119
2.12219
2.12332
2.12457
2.12588
2.12733
2.12879
2.1304
2.13198
2.13375
2.13543
2.13732
2.13909
2.14108
2.14295
2.14501
2.14696
2.14908
2.15111
2.15329
2.1554
2.15764
2.15982
2.16214
2.16437
2.16677
2.16905
2.17151
2.17384
2.17636
2.17873
2.18128
2.18369
2.18625
2.1887
2.19124
2.19371
2.1962
2.19866
2.20108
2.2035
2.20583
2.20814
2.21035
2.2125
2.21455
2.21648
2.2183
2.21999
2.22146
2.22289
2.22394
2.22499
2.22555
2.22613
2.22638
2.22681
2.22669
2.22642
2.22574
2.22518
2.22398
2.22322
2.22169
2.22073
2.21896
2.21778
2.21582
2.21445
2.21232
2.21079
2.20855
2.20697
2.20476
2.20325
2.20123
2.19993
2.1982
2.1972
2.19583
2.19514
2.19409
2.19366
2.19258
2.19276
2.02262
2.03721
2.05188
2.06599
2.07913
2.09118
2.10181
2.11128
2.11947
2.1268
2.13291
2.13877
2.1437
2.14854
2.15254
2.15635
2.15923
2.16188
2.1636
2.16519
2.16601
2.16674
2.16684
2.16693
2.16652
2.1655
2.16366
2.16173
2.15947
2.15713
2.15457
2.15201
2.14933
2.14664
2.14396
2.14134
2.13886
2.13647
2.13427
2.13221
2.13036
2.12867
2.12717
2.12587
2.12473
2.12384
2.12309
2.1226
2.12226
2.12219
2.12227
2.12247
2.12275
2.12319
2.12387
2.12474
2.12582
2.12698
2.12833
2.12973
2.13128
2.13285
2.13457
2.13629
2.13814
2.14001
2.14196
2.14397
2.14601
2.14816
2.15028
2.15254
2.15475
2.15711
2.15939
2.16183
2.1642
2.16671
2.16913
2.17171
2.17418
2.17681
2.17931
2.18196
2.18451
2.18716
2.18975
2.19238
2.195
2.1976
2.20023
2.20277
2.20538
2.20786
2.2104
2.21279
2.2152
2.21749
2.21972
2.22186
2.22388
2.22581
2.22756
2.22921
2.23064
2.23195
2.233
2.23386
2.23452
2.23493
2.23544
2.23568
2.23556
2.23531
2.23469
2.23422
2.23322
2.23262
2.23139
2.23069
2.22925
2.22842
2.22676
2.22575
2.22388
2.22266
2.22062
2.21927
2.21716
2.2158
2.21377
2.21251
2.21071
2.20969
2.20819
2.20744
2.20625
2.20576
2.20456
2.20465
2.01739
2.03105
2.04482
2.05814
2.07079
2.08249
2.09326
2.10295
2.11171
2.1195
2.1266
2.13282
2.13864
2.14362
2.14836
2.15233
2.15613
2.15914
2.1619
2.16387
2.16564
2.16676
2.16765
2.16798
2.16813
2.16793
2.16717
2.16573
2.16386
2.16171
2.15946
2.15693
2.15426
2.15149
2.14869
2.14591
2.14321
2.14061
2.13819
2.13591
2.1339
2.13203
2.13048
2.12906
2.12802
2.12705
2.12651
2.12602
2.12594
2.12604
2.12627
2.12673
2.12733
2.128
2.12896
2.13007
2.13139
2.13282
2.13438
2.13605
2.13779
2.13963
2.14153
2.1435
2.14552
2.14759
2.14974
2.1519
2.15417
2.15642
2.15879
2.16113
2.16358
2.16601
2.16851
2.17103
2.17357
2.17618
2.17873
2.1814
2.18396
2.18667
2.18924
2.19196
2.19455
2.19725
2.19986
2.20252
2.20513
2.20774
2.21033
2.21287
2.2154
2.21786
2.22031
2.22266
2.22498
2.22719
2.22933
2.23137
2.23326
2.23507
2.2367
2.23817
2.23953
2.24056
2.2416
2.24214
2.24278
2.24302
2.24353
2.24345
2.24315
2.24279
2.242
2.24147
2.24037
2.23976
2.2385
2.23781
2.23642
2.23562
2.23407
2.23312
2.2314
2.23027
2.22839
2.22711
2.22515
2.22381
2.22189
2.22062
2.21889
2.21783
2.2164
2.21563
2.21453
2.21407
2.21304
2.21332
2.01262
2.0247
2.03733
2.04996
2.06218
2.07377
2.08451
2.09443
2.10349
2.11168
2.11921
2.12596
2.13221
2.13781
2.14304
2.14766
2.15194
2.15563
2.15894
2.16161
2.16393
2.16567
2.16707
2.16793
2.16842
2.16838
2.16815
2.16728
2.166
2.16403
2.16161
2.15908
2.15654
2.15384
2.15119
2.14845
2.14593
2.14339
2.14119
2.13904
2.1373
2.13565
2.13441
2.13332
2.13255
2.13204
2.13173
2.13177
2.13195
2.13246
2.133
2.13392
2.13483
2.13588
2.1371
2.13852
2.14006
2.14174
2.14349
2.14537
2.14727
2.14929
2.1513
2.15343
2.15553
2.15773
2.15993
2.1622
2.16448
2.16682
2.16916
2.17157
2.17398
2.17647
2.17893
2.1815
2.18399
2.18661
2.18913
2.19177
2.19431
2.19695
2.1995
2.20213
2.20466
2.20728
2.2098
2.21239
2.21487
2.21743
2.21985
2.22233
2.22466
2.22703
2.22923
2.23143
2.23347
2.23546
2.2373
2.23903
2.24063
2.24204
2.24334
2.24441
2.24535
2.24601
2.24653
2.24679
2.24694
2.24704
2.24691
2.24656
2.24578
2.24524
2.24412
2.24351
2.24225
2.2416
2.24029
2.23961
2.23826
2.23752
2.2361
2.23522
2.23368
2.23263
2.23094
2.22973
2.22793
2.22663
2.22481
2.22354
2.22184
2.22073
2.21928
2.21845
2.21732
2.21684
2.21585
2.21621
2.01066
2.02065
2.03126
2.04245
2.05359
2.06456
2.07507
2.08483
2.09416
2.10246
2.11046
2.11744
2.12421
2.13011
2.13579
2.14083
2.14549
2.14969
2.15338
2.1566
2.1593
2.16147
2.16328
2.16448
2.1654
2.16568
2.16557
2.1652
2.16435
2.16319
2.16154
2.15967
2.15748
2.15537
2.15313
2.15102
2.14896
2.14705
2.14536
2.14381
2.14257
2.14153
2.14075
2.14025
2.13991
2.13993
2.14007
2.14049
2.14094
2.14191
2.14268
2.14393
2.14503
2.14628
2.14757
2.14911
2.15067
2.15242
2.15413
2.15603
2.15789
2.15992
2.16191
2.16403
2.16609
2.16827
2.1704
2.17262
2.17481
2.17709
2.17933
2.18167
2.18396
2.18635
2.18867
2.19108
2.19342
2.19585
2.1982
2.20062
2.20296
2.20536
2.20768
2.21006
2.21235
2.2147
2.21696
2.21925
2.22147
2.22368
2.22583
2.22794
2.22999
2.23196
2.23388
2.23568
2.23743
2.23901
2.24054
2.24185
2.24311
2.24412
2.24503
2.24571
2.24624
2.24654
2.24663
2.24661
2.24649
2.24635
2.24581
2.24528
2.24426
2.24362
2.24241
2.24178
2.24057
2.23997
2.23879
2.2382
2.23704
2.23643
2.23522
2.23453
2.23321
2.23237
2.23092
2.2299
2.2283
2.22713
2.22545
2.22422
2.22258
2.22144
2.21997
2.21907
2.21788
2.21735
2.21632
2.21668
2.01155
2.01979
2.02866
2.03782
2.04743
2.05687
2.06655
2.07552
2.08449
2.09262
2.10054
2.1077
2.11454
2.1208
2.12659
2.13202
2.13688
2.14147
2.14542
2.14914
2.1521
2.15491
2.15696
2.15887
2.16012
2.16126
2.16201
2.16259
2.16286
2.16276
2.16231
2.1617
2.16044
2.15935
2.15792
2.15679
2.15544
2.1544
2.15331
2.15243
2.1517
2.15107
2.15071
2.15042
2.15042
2.15052
2.15074
2.15125
2.15167
2.15261
2.15321
2.15433
2.15534
2.15636
2.1575
2.1588
2.16021
2.16167
2.16323
2.16484
2.16647
2.16816
2.16984
2.17159
2.17331
2.17512
2.17691
2.1788
2.18065
2.18264
2.18458
2.18666
2.18868
2.19082
2.19291
2.1951
2.19722
2.19941
2.20156
2.20376
2.20592
2.20811
2.21028
2.21246
2.21462
2.21676
2.2189
2.22099
2.22307
2.22508
2.22707
2.22898
2.23084
2.23262
2.2343
2.23591
2.23739
2.23882
2.24006
2.24124
2.24223
2.24308
2.24375
2.24423
2.24454
2.24461
2.24456
2.2444
2.24424
2.24371
2.24309
2.24221
2.24133
2.24048
2.23945
2.23873
2.23768
2.23708
2.23607
2.23554
2.23454
2.23402
2.23299
2.23243
2.23132
2.23065
2.22942
2.22857
2.22719
2.22616
2.22467
2.22352
2.22199
2.22085
2.21942
2.21845
2.21726
2.21663
2.21558
2.21593
2.01757
2.02263
2.02948
2.03718
2.04536
2.05337
2.06158
2.06961
2.0775
2.08511
2.09241
2.09936
2.10594
2.11215
2.118
2.1235
2.12863
2.13345
2.13786
2.14202
2.14559
2.14911
2.15197
2.15497
2.15726
2.1597
2.16131
2.16307
2.16398
2.16517
2.16578
2.1662
2.1663
2.16612
2.16567
2.16525
2.16439
2.16393
2.16304
2.16257
2.16182
2.16141
2.16089
2.16065
2.16037
2.16031
2.16038
2.16061
2.16086
2.16146
2.16183
2.16261
2.16324
2.1638
2.16446
2.1652
2.1661
2.16703
2.16807
2.16913
2.17032
2.17151
2.17283
2.17415
2.17561
2.17708
2.17868
2.1803
2.18203
2.18379
2.18565
2.18751
2.18948
2.19143
2.19348
2.19548
2.19756
2.19958
2.20168
2.20373
2.20583
2.20789
2.21
2.21206
2.21415
2.2162
2.21825
2.22026
2.22224
2.22417
2.22606
2.22787
2.22963
2.23129
2.23287
2.23435
2.23572
2.23697
2.23804
2.23903
2.23978
2.24043
2.24083
2.24112
2.24112
2.24103
2.24082
2.24057
2.24015
2.23923
2.2385
2.2374
2.23658
2.23548
2.23468
2.23372
2.23293
2.23218
2.23137
2.23083
2.23
2.22955
2.22871
2.22826
2.22737
2.22687
2.22585
2.22522
2.22405
2.22322
2.2219
2.22092
2.21953
2.2185
2.21714
2.21619
2.21498
2.2143
2.21318
2.21349
2.02072
2.02764
2.03385
2.03997
2.04657
2.0535
2.06093
2.06786
2.07518
2.0818
2.08879
2.09506
2.10155
2.10743
2.11333
2.11883
2.12413
2.12924
2.13401
2.1387
2.14296
2.14715
2.15088
2.1545
2.15769
2.16071
2.1634
2.16583
2.16795
2.16978
2.17127
2.17252
2.17354
2.17419
2.17433
2.1742
2.17378
2.17332
2.17249
2.17193
2.17097
2.17044
2.16949
2.16907
2.16832
2.16806
2.16749
2.16727
2.1668
2.1667
2.16642
2.16651
2.16655
2.16662
2.16677
2.16708
2.16757
2.16822
2.16894
2.16981
2.17072
2.17178
2.17288
2.17411
2.17537
2.17675
2.17817
2.17971
2.18128
2.18295
2.18465
2.18644
2.18824
2.1901
2.19197
2.19388
2.1958
2.19773
2.1997
2.20166
2.20364
2.20562
2.2076
2.20958
2.21154
2.21351
2.21542
2.21732
2.21916
2.22096
2.22268
2.22434
2.2259
2.22738
2.22874
2.23001
2.23113
2.23213
2.23298
2.23366
2.2342
2.23452
2.23471
2.23466
2.23452
2.23423
2.23392
2.23345
2.23269
2.23178
2.23094
2.23002
2.2292
2.22837
2.22767
2.22699
2.2264
2.2259
2.22541
2.22504
2.22463
2.22436
2.22399
2.22379
2.22343
2.2232
2.22273
2.2224
2.2217
2.22122
2.22022
2.21957
2.21834
2.21752
2.21621
2.21535
2.21408
2.21337
2.21213
2.21232
2.02043
2.02762
2.03498
2.04175
2.04886
2.05526
2.06208
2.06854
2.07532
2.08175
2.08823
2.09447
2.10055
2.10655
2.11224
2.11794
2.12326
2.12863
2.13362
2.13867
2.14329
2.14794
2.1521
2.1563
2.15996
2.1637
2.16681
2.17004
2.17248
2.17517
2.17685
2.17884
2.17978
2.18101
2.18158
2.18161
2.18139
2.18075
2.17996
2.17883
2.1778
2.17662
2.17546
2.17432
2.17303
2.17203
2.17073
2.16993
2.16878
2.16828
2.16743
2.16723
2.16704
2.16685
2.16683
2.16693
2.16716
2.16759
2.1681
2.16873
2.16947
2.17027
2.1712
2.17217
2.1733
2.17445
2.17575
2.17707
2.17854
2.18
2.18158
2.18313
2.18479
2.18642
2.18811
2.1898
2.19153
2.19328
2.19506
2.19686
2.1987
2.20055
2.20243
2.20429
2.2062
2.20803
2.20992
2.2117
2.21352
2.21519
2.2169
2.21845
2.22
2.22139
2.22274
2.22394
2.22502
2.22597
2.22677
2.22738
2.22787
2.22814
2.22823
2.22818
2.22805
2.22788
2.22752
2.2269
2.2262
2.22547
2.22474
2.22408
2.22347
2.22296
2.22254
2.22223
2.222
2.22187
2.22177
2.22179
2.22183
2.22193
2.22201
2.22217
2.22222
2.2223
2.22224
2.22211
2.22178
2.22148
2.22082
2.22035
2.21936
2.21874
2.21754
2.21679
2.21553
2.21481
2.21351
2.21363
2.01771
2.02551
2.03359
2.04091
2.04836
2.05514
2.06205
2.06859
2.07523
2.08165
2.08802
2.09427
2.10032
2.10634
2.11209
2.11785
2.12332
2.12879
2.134
2.13922
2.14412
2.14901
2.15351
2.15801
2.16207
2.16603
2.16962
2.17293
2.17597
2.17855
2.18084
2.18268
2.18404
2.18511
2.18551
2.18598
2.18571
2.1851
2.18411
2.18282
2.18148
2.17988
2.17836
2.17662
2.17507
2.17333
2.17189
2.17039
2.16929
2.16814
2.16739
2.16666
2.16632
2.16586
2.16549
2.16517
2.16511
2.16518
2.16538
2.16569
2.1662
2.1668
2.16761
2.1685
2.16958
2.17073
2.17204
2.17339
2.17486
2.17636
2.17794
2.17955
2.18122
2.18293
2.18467
2.18647
2.18828
2.19013
2.192
2.19389
2.19579
2.19771
2.19962
2.20154
2.20342
2.20532
2.20713
2.20896
2.21066
2.21237
2.21395
2.2155
2.21692
2.21826
2.2195
2.22059
2.22158
2.22241
2.2231
2.22364
2.22402
2.22422
2.22431
2.22428
2.22422
2.22402
2.22356
2.22304
2.22248
2.22195
2.2215
2.22111
2.22084
2.22065
2.22057
2.2206
2.22067
2.22084
2.22109
2.22139
2.22173
2.22216
2.2225
2.22302
2.22329
2.22374
2.2239
2.22423
2.2242
2.22411
2.22386
2.22356
2.22292
2.22244
2.22146
2.22084
2.21966
2.21898
2.21766
2.21774
2.01497
2.02232
2.03013
2.03775
2.04559
2.05297
2.06034
2.06727
2.07409
2.08068
2.08716
2.09348
2.09965
2.10573
2.11161
2.11744
2.12306
2.12863
2.13401
2.13935
2.14443
2.14948
2.15415
2.15879
2.16299
2.1671
2.1708
2.17423
2.17737
2.17998
2.18246
2.18418
2.18582
2.18668
2.18739
2.18746
2.18728
2.18696
2.18593
2.18462
2.18292
2.18116
2.17922
2.17729
2.17533
2.17347
2.17168
2.16996
2.1685
2.16702
2.16591
2.16468
2.16398
2.16334
2.16288
2.16256
2.16259
2.16275
2.16312
2.16362
2.16435
2.16512
2.16609
2.16711
2.16832
2.16957
2.17096
2.17241
2.17394
2.17552
2.17715
2.17884
2.18054
2.18231
2.18408
2.18592
2.18777
2.18968
2.19162
2.19358
2.19557
2.19757
2.19957
2.20155
2.20351
2.20543
2.20731
2.20913
2.21089
2.21255
2.21415
2.21564
2.21702
2.21831
2.21943
2.22051
2.22131
2.22212
2.22263
2.22312
2.22334
2.22352
2.22353
2.22356
2.22341
2.22306
2.22265
2.22222
2.22184
2.22153
2.22131
2.22121
2.22125
2.22139
2.22157
2.22196
2.22237
2.22291
2.22348
2.22411
2.22483
2.2256
2.22637
2.22716
2.22783
2.22856
2.22901
2.22962
2.22983
2.23027
2.23022
2.2301
2.22976
2.22941
2.22864
2.2281
2.22701
2.22635
2.225
2.22503
2.00938
2.01748
2.02573
2.03368
2.04162
2.0493
2.05676
2.06403
2.07098
2.0778
2.08437
2.09088
2.09714
2.10338
2.10937
2.11533
2.12108
2.12674
2.13224
2.1376
2.14281
2.14787
2.15268
2.15732
2.16167
2.16581
2.16959
2.17312
2.17627
2.17899
2.18147
2.18327
2.18497
2.18587
2.18669
2.18678
2.1866
2.18607
2.18524
2.18417
2.18223
2.18019
2.17785
2.17559
2.17326
2.17108
2.16898
2.16721
2.16546
2.16431
2.16312
2.16264
2.16204
2.16195
2.16178
2.1618
2.16193
2.16224
2.16271
2.16338
2.16416
2.16516
2.16626
2.16757
2.16895
2.1705
2.17209
2.1738
2.17554
2.17734
2.17916
2.18102
2.18291
2.18482
2.18678
2.18876
2.19078
2.19282
2.19488
2.19697
2.19905
2.20115
2.20321
2.20527
2.20728
2.20924
2.21115
2.21297
2.21474
2.21638
2.21797
2.21938
2.22079
2.22191
2.22308
2.22393
2.22481
2.22536
2.22593
2.22617
2.22645
2.22652
2.22671
2.22659
2.22638
2.2261
2.22581
2.22562
2.22545
2.22547
2.22556
2.22574
2.22614
2.22648
2.22708
2.22769
2.22834
2.22907
2.22987
2.23078
2.23171
2.23266
2.23355
2.23443
2.23522
2.23596
2.23658
2.23714
2.23754
2.23784
2.23807
2.23811
2.23792
2.23765
2.23705
2.23659
2.23568
2.23507
2.23383
2.23391
2.00081
2.0084
2.01646
2.02496
2.03336
2.0419
2.05
2.05803
2.06567
2.07298
2.08
2.08675
2.09333
2.09967
2.10594
2.1119
2.11789
2.12354
2.12922
2.13458
2.13993
2.14498
2.14991
2.15452
2.15893
2.163
2.16677
2.1702
2.17321
2.17587
2.17814
2.17994
2.18148
2.18236
2.18309
2.18313
2.18292
2.18232
2.18144
2.17984
2.17843
2.17625
2.17407
2.17194
2.1699
2.16804
2.16647
2.16504
2.16393
2.16301
2.16232
2.16185
2.16158
2.16148
2.16155
2.16169
2.16202
2.16258
2.1634
2.16439
2.16553
2.16686
2.16829
2.1699
2.17156
2.17335
2.17513
2.17701
2.17887
2.18081
2.18275
2.18474
2.18676
2.18879
2.19089
2.19298
2.19515
2.19729
2.19952
2.2017
2.20393
2.20612
2.20832
2.21046
2.21257
2.21464
2.2166
2.21853
2.22029
2.22205
2.22356
2.22512
2.22637
2.22766
2.2286
2.22958
2.23021
2.23087
2.23118
2.23154
2.23164
2.23188
2.23176
2.23153
2.23124
2.23091
2.23064
2.23043
2.23029
2.23029
2.23036
2.23051
2.23078
2.23115
2.23158
2.23202
2.23254
2.23317
2.23389
2.23467
2.23544
2.23623
2.23698
2.23774
2.23844
2.23912
2.2397
2.24024
2.24066
2.241
2.24122
2.24134
2.24139
2.24125
2.24086
2.2405
2.23977
2.23926
2.23819
2.23842
1.99662
2.00232
2.00868
2.01552
2.02303
2.03069
2.03883
2.04672
2.05484
2.06267
2.07047
2.07788
2.08515
2.092
2.09878
2.10509
2.11138
2.11725
2.12303
2.1285
2.13376
2.1388
2.1435
2.14799
2.15206
2.15589
2.15929
2.16241
2.16513
2.16759
2.16964
2.17147
2.17288
2.17401
2.1747
2.17505
2.17496
2.17468
2.17406
2.17359
2.17271
2.17216
2.17098
2.16978
2.16833
2.16705
2.16575
2.1647
2.16378
2.16301
2.16252
2.16208
2.16207
2.16216
2.1624
2.16273
2.16324
2.16397
2.1649
2.16601
2.16725
2.16862
2.17003
2.17156
2.17308
2.17475
2.17641
2.17822
2.18001
2.18194
2.18387
2.18589
2.18793
2.19002
2.19216
2.19432
2.19652
2.19874
2.20097
2.20324
2.20547
2.20772
2.20992
2.2121
2.21423
2.21628
2.21829
2.22015
2.22198
2.22361
2.22521
2.22659
2.22791
2.22895
2.22998
2.23067
2.23135
2.23169
2.23206
2.23216
2.23236
2.23219
2.23192
2.23154
2.23114
2.2308
2.23046
2.23027
2.23011
2.23013
2.23019
2.23041
2.23068
2.23103
2.2314
2.23189
2.23245
2.23317
2.23389
2.2347
2.23547
2.2363
2.23707
2.23789
2.23862
2.23936
2.24001
2.24063
2.24114
2.24157
2.2419
2.24208
2.2422
2.24218
2.2421
2.24181
2.24123
2.24076
2.23976
2.24004
1.99683
2.00124
2.00618
2.0113
2.01701
2.02308
2.02963
2.0365
2.04353
2.05082
2.05803
2.06533
2.07245
2.07944
2.08624
2.09277
2.09911
2.10511
2.11094
2.11643
2.12172
2.1267
2.13139
2.13581
2.13991
2.14373
2.14729
2.15048
2.15357
2.15621
2.15886
2.16104
2.16325
2.16507
2.16692
2.16843
2.16987
2.17099
2.17182
2.17236
2.17237
2.17225
2.17193
2.17131
2.1706
2.16967
2.16881
2.16798
2.16726
2.16666
2.16621
2.16591
2.16576
2.1658
2.16591
2.16614
2.16634
2.16679
2.16737
2.1681
2.16897
2.16994
2.17105
2.17228
2.17363
2.17508
2.17664
2.17829
2.18005
2.18187
2.18378
2.18573
2.18778
2.18982
2.19196
2.19408
2.19628
2.19847
2.20069
2.2029
2.20509
2.2073
2.20943
2.21157
2.2136
2.21562
2.21751
2.21935
2.22104
2.22266
2.2241
2.22547
2.22659
2.22766
2.22842
2.22916
2.22956
2.23
2.23012
2.23039
2.23024
2.22993
2.2296
2.22916
2.22882
2.22844
2.2282
2.22798
2.22793
2.22793
2.22806
2.22829
2.22852
2.22884
2.22921
2.22975
2.23034
2.23104
2.23173
2.23252
2.23326
2.23407
2.23482
2.23563
2.23635
2.2371
2.23775
2.23842
2.23896
2.23948
2.23987
2.2402
2.24037
2.24049
2.24048
2.24045
2.24016
2.2398
2.23897
2.23942
1.99963
2.00331
2.0071
2.01142
2.01614
2.02105
2.02633
2.03181
2.03762
2.04361
2.04985
2.05613
2.06256
2.06891
2.07527
2.08145
2.08757
2.09344
2.09918
2.10472
2.10999
2.1152
2.11995
2.12476
2.12901
2.13346
2.13733
2.14142
2.14509
2.14879
2.1523
2.15565
2.15894
2.16186
2.16481
2.1671
2.16943
2.17102
2.17267
2.17356
2.17463
2.17495
2.17545
2.17534
2.17516
2.1748
2.17416
2.17346
2.17272
2.17211
2.17148
2.17104
2.17066
2.17045
2.17033
2.17033
2.17028
2.17036
2.17058
2.17107
2.17151
2.17233
2.17305
2.17413
2.17514
2.17647
2.17774
2.17929
2.18079
2.18252
2.18422
2.18609
2.18796
2.18994
2.19193
2.19397
2.19605
2.19811
2.20023
2.20226
2.20436
2.20633
2.20836
2.21024
2.21213
2.21391
2.21563
2.21725
2.21877
2.22017
2.22144
2.22256
2.22352
2.22429
2.22493
2.22533
2.22568
2.22579
2.22595
2.22577
2.22534
2.22501
2.22441
2.22405
2.2235
2.22322
2.22282
2.22269
2.22252
2.22258
2.22266
2.22281
2.22296
2.22326
2.22366
2.22417
2.22476
2.22538
2.22606
2.22675
2.22747
2.2282
2.22895
2.22969
2.23042
2.23115
2.23182
2.23249
2.23307
2.23364
2.23411
2.23452
2.23483
2.23503
2.23514
2.23514
2.23512
2.23498
2.23432
2.23493
2.00062
2.00498
2.00944
2.01359
2.01781
2.02217
2.02673
2.03166
2.03673
2.042
2.04738
2.05291
2.05851
2.06424
2.06996
2.07574
2.08143
2.08712
2.09267
2.0982
2.10354
2.10886
2.11393
2.11901
2.12379
2.12866
2.13318
2.13783
2.14212
2.14651
2.15055
2.15462
2.15828
2.16191
2.16507
2.16819
2.17074
2.17328
2.17509
2.17701
2.17808
2.17938
2.17972
2.1803
2.18022
2.18006
2.17972
2.17915
2.17836
2.17759
2.17682
2.17618
2.17564
2.17522
2.17495
2.17482
2.17474
2.17475
2.17494
2.17524
2.17583
2.17643
2.17728
2.17813
2.17918
2.18026
2.18151
2.18279
2.18422
2.18569
2.18728
2.18892
2.19063
2.1924
2.19418
2.19604
2.19784
2.19972
2.20153
2.20337
2.20516
2.20688
2.2086
2.21024
2.21182
2.21328
2.21465
2.21588
2.21701
2.21797
2.21883
2.21948
2.22003
2.22037
2.22059
2.22065
2.2206
2.22052
2.22018
2.21949
2.219
2.21818
2.2177
2.21694
2.21656
2.21595
2.21571
2.21534
2.21528
2.21528
2.2153
2.21538
2.21554
2.21588
2.21631
2.21688
2.21745
2.21815
2.21884
2.21961
2.22039
2.22122
2.22205
2.22292
2.22374
2.22461
2.22539
2.22621
2.22693
2.22767
2.22827
2.22887
2.22931
2.22973
2.22995
2.23014
2.23014
2.23018
2.22974
2.23053
1.99813
2.00384
2.00905
2.01393
2.01868
2.02348
2.0282
2.03295
2.03772
2.0427
2.04768
2.05292
2.05812
2.06352
2.06887
2.07437
2.0798
2.08533
2.09077
2.09623
2.10161
2.10692
2.11221
2.11733
2.12246
2.12738
2.13235
2.13704
2.14183
2.14624
2.15083
2.15485
2.15919
2.16273
2.16668
2.16969
2.17308
2.17544
2.17819
2.17988
2.18179
2.18276
2.18385
2.1842
2.18447
2.18435
2.18409
2.18366
2.18317
2.18241
2.18177
2.18109
2.18067
2.18029
2.18015
2.18018
2.18032
2.18044
2.18074
2.18122
2.18193
2.18269
2.18367
2.18466
2.18586
2.18705
2.18842
2.18979
2.19131
2.19284
2.19445
2.19608
2.19773
2.19942
2.20106
2.20274
2.20433
2.20593
2.20741
2.20887
2.21021
2.21149
2.21267
2.21374
2.21471
2.21565
2.21644
2.21722
2.21782
2.21839
2.21877
2.21907
2.21913
2.21907
2.21891
2.21854
2.21826
2.2176
2.21668
2.21596
2.2149
2.21426
2.21326
2.21274
2.21195
2.21159
2.21111
2.21097
2.21091
2.21093
2.21099
2.21118
2.2115
2.21199
2.2126
2.21326
2.21403
2.21481
2.21569
2.21657
2.21753
2.21846
2.21947
2.22043
2.22143
2.2224
2.22338
2.2243
2.22523
2.22608
2.2269
2.22763
2.22828
2.22885
2.22928
2.22959
2.22972
2.22977
2.22948
2.23036
1.98766
1.99523
2.00316
2.0102
2.01642
2.02219
2.02757
2.03279
2.03781
2.0429
2.04793
2.05307
2.05818
2.06346
2.06871
2.07413
2.07949
2.08497
2.09036
2.09581
2.10119
2.10654
2.11186
2.11703
2.12222
2.12723
2.13224
2.13709
2.14189
2.14651
2.15107
2.15536
2.15964
2.16347
2.16734
2.17066
2.17398
2.17665
2.17937
2.18132
2.18334
2.18466
2.18606
2.18677
2.18751
2.18769
2.18792
2.18782
2.18772
2.18756
2.18723
2.18698
2.18672
2.18667
2.18672
2.18687
2.18718
2.18754
2.18788
2.18851
2.18916
2.19004
2.19098
2.19206
2.1932
2.19446
2.19579
2.19721
2.19871
2.20026
2.20188
2.20352
2.20518
2.20683
2.20847
2.21006
2.21161
2.2131
2.2145
2.21583
2.21705
2.21818
2.21919
2.22008
2.22087
2.22146
2.22197
2.22226
2.22248
2.22247
2.22235
2.22213
2.22164
2.22129
2.22053
2.22005
2.21897
2.21797
2.21689
2.21576
2.21481
2.21369
2.21298
2.21197
2.21156
2.21078
2.2106
2.2104
2.2103
2.21031
2.2104
2.21061
2.21104
2.21154
2.21222
2.21285
2.21367
2.21442
2.21537
2.21623
2.21725
2.2182
2.21923
2.22024
2.22128
2.22231
2.22333
2.22434
2.22531
2.22625
2.22713
2.22797
2.22871
2.22938
2.22993
2.23037
2.23063
2.23077
2.23061
2.23144
1.97962
1.98562
1.99179
1.99893
2.00629
2.01381
2.02088
2.02785
2.03421
2.04022
2.04592
2.05149
2.05695
2.06239
2.0678
2.07325
2.07867
2.08414
2.08956
2.09499
2.10036
2.1057
2.11097
2.11615
2.12127
2.12624
2.13118
2.13599
2.1407
2.14535
2.1498
2.15423
2.15831
2.16243
2.16611
2.1697
2.173
2.17609
2.17889
2.1815
2.18377
2.1858
2.18749
2.18903
2.19023
2.19127
2.192
2.19262
2.19305
2.19333
2.19356
2.19363
2.19361
2.19363
2.19369
2.19388
2.19414
2.19453
2.19494
2.19546
2.19607
2.19686
2.19778
2.19878
2.19988
2.20107
2.20233
2.20367
2.20507
2.20651
2.20798
2.20946
2.21095
2.21242
2.21387
2.21528
2.21664
2.21792
2.21913
2.22026
2.22127
2.22221
2.22298
2.22365
2.22418
2.22456
2.22484
2.22491
2.22485
2.22462
2.22432
2.22367
2.22321
2.22228
2.22163
2.22025
2.21918
2.21777
2.21665
2.21538
2.21428
2.21326
2.21229
2.21157
2.21085
2.21041
2.21015
2.20996
2.20983
2.20986
2.20999
2.21028
2.21074
2.21125
2.21193
2.21256
2.21341
2.21415
2.21512
2.21597
2.21703
2.21797
2.21907
2.22008
2.22119
2.22223
2.22333
2.22436
2.22541
2.22639
2.22735
2.22824
2.22906
2.22982
2.23045
2.23099
2.23135
2.23155
2.23143
2.23217
1.97817
1.98272
1.98753
1.99284
1.99856
2.00461
2.01092
2.01729
2.0239
2.03047
2.03699
2.04333
2.04958
2.05565
2.06167
2.06753
2.07336
2.07904
2.08468
2.09019
2.0956
2.10092
2.10614
2.11129
2.11633
2.12134
2.12625
2.13111
2.13597
2.1407
2.1454
2.15001
2.1545
2.15896
2.16322
2.16741
2.17135
2.17514
2.17855
2.18182
2.18469
2.18749
2.18984
2.19218
2.19398
2.1956
2.19685
2.19784
2.19858
2.19904
2.19943
2.19965
2.19972
2.1997
2.1997
2.19974
2.19985
2.20004
2.20038
2.20068
2.20108
2.20158
2.20225
2.20302
2.20387
2.2048
2.20579
2.20686
2.20796
2.20912
2.21031
2.21152
2.21276
2.21399
2.21522
2.21641
2.21756
2.21865
2.21967
2.2206
2.22142
2.22215
2.22278
2.2233
2.22368
2.22394
2.22402
2.22396
2.22379
2.22336
2.22299
2.22221
2.22171
2.22069
2.21953
2.21831
2.21699
2.21583
2.21442
2.21344
2.21208
2.21135
2.21022
2.20972
2.20896
2.20864
2.20843
2.20819
2.20811
2.20817
2.20836
2.20866
2.20914
2.20963
2.21029
2.21092
2.21174
2.21248
2.21346
2.21429
2.21537
2.21629
2.21742
2.21841
2.21955
2.22057
2.2217
2.22272
2.2238
2.22479
2.22579
2.22671
2.22759
2.22839
2.2291
2.22972
2.23015
2.23046
2.23044
2.23105
1.97981
1.98344
1.98759
1.99215
1.99694
2.00201
2.0073
2.01273
2.01836
2.0241
2.02997
2.03588
2.04185
2.0478
2.05379
2.0597
2.06564
2.07146
2.07727
2.08297
2.08863
2.09422
2.09976
2.10527
2.1107
2.11617
2.12153
2.12695
2.13226
2.13757
2.1428
2.14795
2.15299
2.15792
2.16264
2.16725
2.17156
2.17572
2.1796
2.18324
2.18666
2.18971
2.19255
2.19486
2.19705
2.19884
2.20033
2.2015
2.20238
2.20296
2.20337
2.2035
2.20362
2.20355
2.20344
2.2032
2.20313
2.20303
2.20311
2.20318
2.2033
2.20353
2.2039
2.20442
2.20503
2.20574
2.20651
2.20736
2.20826
2.2092
2.21019
2.21121
2.21225
2.21332
2.21438
2.21542
2.21642
2.21738
2.21827
2.21909
2.21984
2.22043
2.22096
2.22127
2.22153
2.22154
2.22146
2.22125
2.22075
2.22035
2.21951
2.21898
2.21775
2.21672
2.21521
2.21409
2.2125
2.2114
2.2099
2.20889
2.20763
2.2068
2.20588
2.20528
2.20473
2.20443
2.2042
2.20396
2.20396
2.20404
2.20429
2.20459
2.20511
2.20559
2.20627
2.2069
2.20772
2.20849
2.20942
2.21031
2.21133
2.21231
2.21338
2.21442
2.21552
2.21658
2.21768
2.21874
2.21982
2.22086
2.22188
2.22286
2.22379
2.22467
2.22545
2.22619
2.22675
2.22723
2.22734
2.22801
1.98421
1.98754
1.99084
1.99459
1.99857
2.00298
2.00766
2.01269
2.01781
2.02312
2.02854
2.0341
2.03977
2.04546
2.05125
2.05702
2.06285
2.06862
2.07442
2.08016
2.0859
2.09161
2.09732
2.10301
2.10868
2.11436
2.11997
2.12561
2.13114
2.13667
2.14213
2.14746
2.15273
2.15779
2.16273
2.16745
2.17193
2.17624
2.18023
2.18403
2.18749
2.19057
2.19344
2.19594
2.19827
2.20017
2.20184
2.20313
2.20413
2.20486
2.20526
2.20548
2.20546
2.20534
2.2052
2.20483
2.20456
2.20412
2.20399
2.20388
2.20379
2.20381
2.20392
2.20417
2.20456
2.20503
2.20557
2.20619
2.20687
2.20762
2.20836
2.20915
2.20988
2.21063
2.21133
2.21201
2.21263
2.21318
2.21367
2.21408
2.21444
2.21469
2.21488
2.21491
2.21485
2.21469
2.2143
2.21396
2.21318
2.21273
2.21179
2.21074
2.20944
2.20816
2.20678
2.20544
2.20412
2.20286
2.20174
2.20068
2.19982
2.19903
2.19851
2.19799
2.1978
2.19763
2.19757
2.19761
2.19774
2.19812
2.19845
2.19909
2.19963
2.20041
2.20114
2.20206
2.20295
2.20397
2.20499
2.20611
2.20723
2.20842
2.20961
2.21085
2.21208
2.21334
2.2146
2.21586
2.21711
2.21834
2.21953
2.22071
2.22181
2.22289
2.22386
2.2248
2.22554
2.22624
2.2265
2.22729
1.98563
1.98958
1.99348
1.99755
2.00168
2.00593
2.0103
2.01474
2.01952
2.02433
2.02951
2.03467
2.04014
2.04558
2.05117
2.05679
2.06241
2.06813
2.07377
2.07951
2.08518
2.09089
2.0966
2.10228
2.10801
2.11368
2.11935
2.12499
2.13057
2.13608
2.14157
2.14682
2.15214
2.15706
2.16204
2.16664
2.17112
2.17539
2.17929
2.18312
2.18647
2.18982
2.19279
2.19549
2.198
2.20006
2.20196
2.20338
2.20455
2.20535
2.20585
2.20608
2.20603
2.20588
2.20555
2.20512
2.2047
2.20414
2.20354
2.20306
2.20268
2.20225
2.20186
2.20159
2.20142
2.2014
2.20144
2.20152
2.20168
2.20189
2.20219
2.20257
2.203
2.20349
2.20399
2.20453
2.20507
2.20563
2.20614
2.20663
2.20699
2.20731
2.2075
2.20754
2.20747
2.2073
2.20692
2.20652
2.206
2.20519
2.2042
2.20313
2.20194
2.20076
2.19953
2.19837
2.19721
2.19621
2.19527
2.19453
2.19389
2.19346
2.19316
2.19304
2.19309
2.1932
2.19336
2.19376
2.19411
2.19489
2.1954
2.19641
2.1971
2.19824
2.19908
2.20032
2.2013
2.20261
2.2037
2.20508
2.20625
2.20768
2.20892
2.21036
2.21165
2.2131
2.21441
2.21584
2.21714
2.21854
2.21981
2.22114
2.22235
2.22359
2.22468
2.22579
2.22669
2.22758
2.22799
2.22889
1.98509
1.98914
1.99328
1.99752
2.00194
2.00635
2.01102
2.0156
2.02046
2.02528
2.0303
2.03539
2.04055
2.04588
2.0512
2.05674
2.0622
2.06783
2.07337
2.07902
2.08459
2.09025
2.09582
2.10148
2.10708
2.11266
2.11827
2.12372
2.12926
2.13459
2.13993
2.14513
2.15017
2.15511
2.15987
2.16442
2.16885
2.17297
2.17698
2.18073
2.18424
2.18758
2.19054
2.19333
2.19575
2.19786
2.19976
2.20114
2.20239
2.20311
2.20367
2.20382
2.20372
2.20337
2.20289
2.20214
2.20136
2.20056
2.19961
2.19885
2.19798
2.19737
2.19675
2.19632
2.19602
2.19603
2.19615
2.19636
2.19681
2.19718
2.19779
2.19834
2.19898
2.19963
2.20026
2.20091
2.2015
2.20208
2.2026
2.20304
2.20346
2.20369
2.20394
2.20395
2.20386
2.20367
2.20341
2.20287
2.20224
2.20138
2.20037
2.19932
2.1982
2.19711
2.19599
2.19496
2.19398
2.19313
2.19241
2.19185
2.19147
2.19123
2.19124
2.19135
2.1915
2.19183
2.19216
2.19286
2.19337
2.19439
2.19504
2.19626
2.19706
2.19841
2.19934
2.20079
2.20183
2.20338
2.20453
2.20614
2.20738
2.20903
2.21033
2.21201
2.21335
2.21504
2.2164
2.21807
2.21944
2.22107
2.22242
2.22399
2.22526
2.22674
2.22791
2.22925
2.23025
2.2314
2.23191
2.23299
1.98454
1.98817
1.99206
1.99602
2.00037
2.00477
2.00961
2.01447
2.01945
2.02444
2.02947
2.03464
2.03978
2.04514
2.05043
2.05589
2.0613
2.06679
2.07227
2.07777
2.08328
2.08876
2.09427
2.09974
2.1052
2.11063
2.11599
2.12137
2.12659
2.13183
2.1369
2.14191
2.14673
2.15145
2.15596
2.16032
2.1645
2.16847
2.17229
2.17585
2.17928
2.18241
2.18533
2.18795
2.19027
2.19235
2.19407
2.19559
2.19672
2.19766
2.19823
2.19863
2.19873
2.19865
2.19846
2.19803
2.19757
2.19703
2.19646
2.19586
2.19538
2.19485
2.19457
2.19422
2.1941
2.19418
2.19437
2.19472
2.19519
2.19573
2.19631
2.19699
2.19758
2.19834
2.19894
2.19966
2.20023
2.20084
2.20132
2.20178
2.20207
2.20228
2.20226
2.2022
2.20197
2.20161
2.20122
2.20052
2.1997
2.19868
2.19768
2.19653
2.19546
2.19431
2.19329
2.19228
2.19143
2.19068
2.1901
2.18972
2.18944
2.18945
2.18955
2.18974
2.19013
2.19043
2.19114
2.19175
2.19269
2.19355
2.19461
2.1957
2.19686
2.19812
2.19937
2.20077
2.20207
2.20358
2.20492
2.20653
2.2079
2.20958
2.21097
2.21271
2.21411
2.21589
2.21728
2.21908
2.22045
2.22225
2.2236
2.22538
2.22671
2.22844
2.2297
2.23134
2.23245
2.23392
2.23457
2.23597
1.9838
1.98764
1.99145
1.99525
1.99925
2.00341
2.00759
2.01193
2.01638
2.02114
2.02596
2.031
2.03614
2.0414
2.04677
2.05217
2.05763
2.06306
2.06847
2.07381
2.07913
2.08432
2.08954
2.0946
2.09972
2.10469
2.1097
2.1146
2.11943
2.12423
2.12886
2.13347
2.13792
2.14229
2.14658
2.15072
2.15478
2.1587
2.1625
2.16615
2.16966
2.17302
2.17623
2.17929
2.18218
2.18488
2.18738
2.18969
2.19175
2.19352
2.19499
2.19611
2.19689
2.19738
2.19754
2.19748
2.19732
2.19698
2.19659
2.19614
2.19578
2.19536
2.19509
2.19483
2.19474
2.19467
2.19479
2.19507
2.19543
2.19597
2.1964
2.19704
2.19751
2.19814
2.19862
2.19918
2.19961
2.20001
2.20027
2.20047
2.2005
2.20047
2.20032
2.20008
2.19965
2.19914
2.1983
2.19743
2.19634
2.19528
2.19404
2.1929
2.19165
2.19057
2.18946
2.18856
2.18775
2.18712
2.1867
2.18638
2.18638
2.18647
2.18673
2.18707
2.18758
2.18802
2.18901
2.18964
2.19091
2.19172
2.19314
2.19413
2.19563
2.19679
2.19833
2.19963
2.20119
2.20259
2.20416
2.20567
2.20723
2.20883
2.21037
2.21207
2.21357
2.21536
2.21684
2.2187
2.22015
2.22206
2.22348
2.22539
2.22677
2.22863
2.22995
2.23172
2.23288
2.2345
2.2352
2.23669
1.97773
1.98232
1.98683
1.99126
1.99555
1.99978
2.00402
2.00838
2.01281
2.01731
2.0219
2.02659
2.03137
2.03616
2.04096
2.04576
2.05057
2.05541
2.06029
2.06517
2.07012
2.07503
2.08002
2.08497
2.08996
2.09495
2.0999
2.10491
2.10981
2.11481
2.11965
2.12458
2.12937
2.13417
2.13886
2.14346
2.14798
2.15237
2.15662
2.16076
2.16475
2.16861
2.1723
2.17586
2.17927
2.18247
2.18548
2.18823
2.19067
2.19276
2.19452
2.19599
2.19708
2.19795
2.19843
2.19873
2.1987
2.19861
2.19835
2.19803
2.19775
2.1974
2.19712
2.19684
2.19663
2.19652
2.19639
2.19641
2.19655
2.19684
2.19712
2.19754
2.1979
2.19831
2.1987
2.19903
2.19935
2.19956
2.19974
2.19974
2.19968
2.19945
2.19913
2.19868
2.19801
2.19714
2.19611
2.19498
2.19378
2.19248
2.19122
2.18987
2.18869
2.18748
2.1865
2.1856
2.18492
2.18444
2.1841
2.18408
2.18419
2.18442
2.18496
2.18536
2.18605
2.18666
2.18791
2.18863
2.1901
2.19091
2.19254
2.19344
2.19513
2.19614
2.19784
2.19894
2.20062
2.20181
2.20347
2.20475
2.20638
2.20777
2.20937
2.21086
2.21242
2.214
2.21553
2.2172
2.21869
2.22046
2.22191
2.22376
2.22517
2.22708
2.22843
2.23038
2.23161
2.23344
2.23422
2.23589
1.97437
1.97859
1.98303
1.98757
1.99212
1.99669
2.00127
2.00586
2.01046
2.01505
2.01961
2.02401
2.02822
2.03241
2.03666
2.04101
2.04552
2.05016
2.05496
2.05986
2.06486
2.06997
2.07506
2.08029
2.0854
2.09067
2.09576
2.10103
2.10609
2.1113
2.11632
2.12141
2.12636
2.13128
2.13608
2.14083
2.14541
2.14995
2.15429
2.15857
2.16266
2.16665
2.17054
2.17419
2.17771
2.18098
2.18408
2.1868
2.1895
2.19176
2.19393
2.19559
2.19715
2.1982
2.19921
2.19974
2.2003
2.20038
2.20056
2.20045
2.20032
2.20021
2.20004
2.19987
2.19971
2.19961
2.19958
2.19959
2.19963
2.19977
2.19999
2.20026
2.20052
2.20078
2.20101
2.20117
2.20129
2.20128
2.20123
2.20102
2.20075
2.20035
2.19978
2.19902
2.19809
2.19704
2.19585
2.19458
2.19322
2.19187
2.19046
2.1892
2.18793
2.18689
2.18592
2.1852
2.18469
2.18431
2.18429
2.18438
2.18472
2.18508
2.18587
2.18632
2.18737
2.18812
2.18957
2.19043
2.19201
2.19294
2.1946
2.19556
2.19726
2.19819
2.1999
2.20081
2.20251
2.2034
2.20509
2.20602
2.20765
2.20869
2.21026
2.21142
2.21296
2.21426
2.21578
2.21721
2.21872
2.22024
2.22173
2.2233
2.22473
2.22631
2.22766
2.22917
2.23039
2.23175
2.23249
2.23363
1.97048
1.9738
1.97728
1.98106
1.98528
1.98985
1.99468
1.99962
2.00458
2.00941
2.01412
2.01885
2.02363
2.02841
2.03314
2.03789
2.04269
2.04758
2.05255
2.05763
2.06274
2.06795
2.07313
2.07838
2.08354
2.0887
2.09375
2.09874
2.10369
2.10857
2.11346
2.11827
2.12312
2.12785
2.13261
2.13724
2.14185
2.14637
2.15084
2.15525
2.15957
2.16379
2.16791
2.17189
2.17573
2.17942
2.18288
2.18623
2.18923
2.19213
2.1946
2.19695
2.19888
2.20072
2.20213
2.20342
2.20427
2.20511
2.20545
2.20594
2.20598
2.20607
2.20609
2.20605
2.20596
2.20586
2.20577
2.2057
2.2057
2.20572
2.20576
2.20586
2.20602
2.20616
2.20625
2.20625
2.20618
2.20603
2.2057
2.20541
2.20477
2.20423
2.20322
2.20236
2.20107
2.19992
2.19844
2.19709
2.1956
2.19419
2.19285
2.19159
2.19055
2.1896
2.18897
2.18845
2.18826
2.18831
2.18851
2.18893
2.18964
2.19027
2.19136
2.19197
2.19324
2.19418
2.19554
2.19652
2.19791
2.19883
2.20021
2.20104
2.20242
2.20317
2.20455
2.20527
2.20665
2.20738
2.2088
2.20954
2.21102
2.21178
2.21332
2.21412
2.2157
2.21659
2.21816
2.21911
2.22068
2.22166
2.22323
2.2242
2.22576
2.22673
2.22825
2.22916
2.23056
2.23134
2.23222
2.23275
1.96314
1.96603
1.96912
1.97248
1.97624
1.98042
1.98501
1.9899
1.99499
2.0002
2.00541
2.0106
2.01572
2.02089
2.02608
2.03137
2.03668
2.04206
2.04746
2.05288
2.0583
2.06365
2.06897
2.07412
2.07931
2.08432
2.08948
2.09447
2.09967
2.10469
2.10991
2.11492
2.12009
2.12503
2.1301
2.13489
2.13982
2.14447
2.14923
2.15374
2.1583
2.16266
2.16699
2.17115
2.17525
2.17909
2.18295
2.18643
2.1899
2.19297
2.19611
2.19879
2.20143
2.20359
2.2056
2.20727
2.20868
2.20979
2.21067
2.21126
2.21173
2.21188
2.21207
2.21217
2.21215
2.21208
2.21199
2.21191
2.21186
2.21183
2.21183
2.21185
2.2119
2.21192
2.21191
2.21185
2.21172
2.21142
2.21112
2.21046
2.20996
2.20894
2.20815
2.20686
2.20578
2.20429
2.203
2.20142
2.20007
2.19859
2.19734
2.19615
2.19518
2.1944
2.19382
2.19345
2.19329
2.19333
2.19352
2.1938
2.19439
2.19488
2.19545
2.19599
2.19693
2.19754
2.19859
2.19923
2.20031
2.20097
2.20206
2.20273
2.20385
2.20454
2.20569
2.20639
2.20759
2.20831
2.20959
2.21032
2.2117
2.21243
2.21389
2.21465
2.21618
2.21697
2.21856
2.21936
2.22098
2.2218
2.22345
2.22427
2.22591
2.22671
2.22832
2.22905
2.23056
2.23112
2.2321
2.23239
1.96248
1.96514
1.96803
1.97113
1.9745
1.9782
1.98222
1.98654
1.99111
1.99587
2.00072
2.00563
2.01053
2.01548
2.02046
2.02554
2.03068
2.03594
2.04123
2.0466
2.05196
2.05732
2.06264
2.06795
2.07323
2.07851
2.08379
2.08908
2.09435
2.09965
2.10487
2.11013
2.11527
2.12043
2.12545
2.13049
2.13539
2.14033
2.14512
2.14996
2.15464
2.15937
2.16392
2.1685
2.17289
2.17729
2.18143
2.18553
2.18939
2.19311
2.1965
2.19976
2.20271
2.20541
2.20785
2.20986
2.21178
2.21306
2.21446
2.21512
2.21595
2.21623
2.21645
2.21665
2.21665
2.21656
2.21645
2.21621
2.21609
2.21585
2.21575
2.21554
2.21544
2.21523
2.21507
2.21475
2.21441
2.2139
2.21332
2.21256
2.21173
2.21072
2.2096
2.2083
2.20697
2.20546
2.20403
2.20242
2.20103
2.19952
2.19829
2.19705
2.19604
2.1952
2.19449
2.19409
2.19378
2.19378
2.19388
2.19414
2.19458
2.19486
2.19544
2.19594
2.19674
2.19729
2.19817
2.19876
2.1997
2.2003
2.20128
2.20189
2.2029
2.20352
2.2046
2.20524
2.20637
2.20706
2.20826
2.20901
2.21027
2.21107
2.21242
2.21324
2.21467
2.2155
2.21702
2.21783
2.21942
2.22021
2.22182
2.22262
2.22422
2.22501
2.22659
2.22731
2.22882
2.22933
2.23036
2.23057
1.96123
1.9641
1.96709
1.9703
1.97368
1.97726
1.98105
1.98503
1.9892
1.99355
1.99801
2.00257
2.00717
2.01187
2.01661
2.02147
2.0264
2.03145
2.03656
2.04175
2.04698
2.05224
2.05751
2.06277
2.06807
2.07334
2.07865
2.08394
2.08926
2.09457
2.09989
2.10521
2.11052
2.11584
2.12114
2.12644
2.13169
2.13694
2.14212
2.14726
2.15233
2.15734
2.16225
2.16708
2.17175
2.17635
2.18073
2.18506
2.18909
2.19307
2.19672
2.20032
2.20344
2.20654
2.20911
2.2117
2.21362
2.21562
2.21685
2.21824
2.2188
2.2196
2.21969
2.2199
2.21989
2.2198
2.21955
2.21926
2.21883
2.21854
2.21805
2.21777
2.21724
2.21694
2.21635
2.21597
2.21522
2.21465
2.21365
2.21281
2.2115
2.2104
2.20887
2.20756
2.20588
2.20443
2.2027
2.20122
2.19962
2.19825
2.19691
2.19576
2.19477
2.1939
2.19331
2.19274
2.19247
2.19225
2.19227
2.19233
2.19249
2.19266
2.1929
2.19314
2.19356
2.19394
2.19444
2.19483
2.19541
2.19581
2.1965
2.19694
2.19774
2.19823
2.19916
2.1997
2.20074
2.20134
2.20252
2.20317
2.20446
2.20516
2.20655
2.20728
2.20875
2.20952
2.21105
2.21184
2.21343
2.21423
2.21586
2.21669
2.21835
2.21919
2.22086
2.22165
2.22327
2.22387
2.22497
2.22533
1.96158
1.96439
1.96736
1.97048
1.97381
1.97732
1.98101
1.98486
1.98878
1.99286
1.99693
2.00118
2.00543
2.00985
2.01434
2.01898
2.02372
2.0286
2.03356
2.0386
2.04371
2.04884
2.05404
2.05924
2.06452
2.06982
2.07518
2.08056
2.08602
2.09149
2.09702
2.10255
2.10808
2.11361
2.11906
2.12455
2.1299
2.13529
2.14052
2.14577
2.15087
2.15595
2.16088
2.16576
2.17051
2.17516
2.17966
2.18405
2.18827
2.19237
2.19625
2.19998
2.20349
2.20675
2.20976
2.21242
2.21486
2.2168
2.21861
2.21982
2.22096
2.22148
2.22198
2.22201
2.222
2.22189
2.22152
2.22118
2.22047
2.22007
2.21923
2.21879
2.21789
2.2174
2.21639
2.21581
2.21465
2.2139
2.21251
2.21155
2.20994
2.20874
2.20689
2.20546
2.20346
2.20193
2.19991
2.19842
2.19653
2.19518
2.19351
2.19238
2.19103
2.19015
2.1891
2.18847
2.18769
2.18727
2.18678
2.18646
2.18614
2.1859
2.18566
2.1856
2.18563
2.18572
2.18595
2.18614
2.18656
2.18687
2.18742
2.18788
2.18852
2.18913
2.18986
2.19056
2.19141
2.19219
2.19315
2.194
2.19507
2.19596
2.19715
2.19811
2.19941
2.20044
2.20185
2.20298
2.20448
2.20572
2.20726
2.20861
2.21014
2.21159
2.21308
2.21456
2.21595
2.21734
2.21826
2.21938
1.96385
1.96666
1.96968
1.97267
1.9759
1.97913
1.98259
1.98613
1.98978
1.99357
1.99743
2.00148
2.00555
2.00985
2.0142
2.01871
2.02331
2.02801
2.03282
2.03767
2.04264
2.04764
2.05276
2.05787
2.06314
2.06837
2.07378
2.07913
2.08462
2.09004
2.09555
2.101
2.1065
2.1119
2.11738
2.1227
2.12813
2.13335
2.13866
2.14379
2.14895
2.15396
2.15893
2.16377
2.16852
2.1732
2.17773
2.18224
2.18651
2.19081
2.19479
2.19878
2.2024
2.20596
2.20911
2.2121
2.21469
2.21697
2.21891
2.22038
2.22164
2.22228
2.22286
2.22284
2.22279
2.22264
2.22223
2.22172
2.22081
2.22015
2.21905
2.21834
2.21711
2.21635
2.215
2.21414
2.21264
2.21157
2.20987
2.20852
2.20662
2.20501
2.20294
2.20113
2.19899
2.1971
2.19499
2.19318
2.19119
2.18961
2.18784
2.18655
2.18505
2.18409
2.18288
2.18222
2.18131
2.1809
2.18032
2.18004
2.1798
2.17953
2.1795
2.17956
2.17974
2.17994
2.18037
2.18067
2.18131
2.18171
2.18252
2.18299
2.18392
2.18453
2.18548
2.18626
2.18723
2.18817
2.18914
2.19023
2.19122
2.19245
2.19348
2.19484
2.19592
2.1974
2.19855
2.20015
2.20138
2.20307
2.20439
2.20616
2.20755
2.20937
2.21078
2.21264
2.21396
2.21575
2.21662
2.21816
1.96321
1.96637
1.96966
1.97285
1.97629
1.97962
1.98319
1.98666
1.99033
1.99397
1.99782
2.00175
2.00585
2.01005
2.01439
2.01884
2.0234
2.02805
2.03284
2.03766
2.04265
2.04762
2.05278
2.05789
2.06318
2.06838
2.07373
2.07896
2.08432
2.08956
2.09492
2.10016
2.10554
2.1108
2.11615
2.1214
2.12669
2.13189
2.13709
2.14217
2.14724
2.15219
2.15711
2.16195
2.16673
2.17145
2.1761
2.18067
2.18515
2.18952
2.19374
2.19781
2.20167
2.20529
2.20865
2.21166
2.21437
2.2167
2.21871
2.22032
2.22155
2.22242
2.22285
2.22299
2.22283
2.22262
2.22221
2.22154
2.22064
2.21967
2.21858
2.21751
2.21627
2.21512
2.21372
2.21247
2.21089
2.20946
2.20767
2.20601
2.20398
2.20212
2.19988
2.19792
2.1956
2.19364
2.19141
2.18956
2.18758
2.18593
2.18426
2.18292
2.18157
2.18057
2.17955
2.17888
2.17818
2.17784
2.17742
2.17732
2.17712
2.17712
2.1772
2.17736
2.17774
2.17802
2.17861
2.17897
2.17973
2.18017
2.18107
2.18156
2.18258
2.18312
2.18424
2.18487
2.18601
2.18682
2.18796
2.18896
2.19012
2.19134
2.1925
2.19392
2.19509
2.19671
2.19788
2.19969
2.20086
2.20283
2.204
2.20608
2.20729
2.20941
2.21066
2.21277
2.214
2.21601
2.21685
2.21861
1.96123
1.96453
1.96807
1.97157
1.97532
1.97892
1.98279
1.98645
1.9905
1.99431
1.99848
2.00242
2.00669
2.01086
2.01528
2.01975
2.02441
2.02916
2.03408
2.03904
2.04414
2.0492
2.05434
2.0594
2.06448
2.06948
2.0745
2.07949
2.08454
2.08958
2.09466
2.09977
2.10491
2.11009
2.11528
2.1205
2.12567
2.13088
2.13599
2.14114
2.14617
2.15125
2.15619
2.1612
2.16604
2.17095
2.17567
2.18043
2.18496
2.18948
2.19376
2.19791
2.20181
2.20549
2.20888
2.21201
2.21478
2.21724
2.2193
2.22104
2.22238
2.22338
2.22399
2.2242
2.22413
2.22395
2.22358
2.22302
2.22207
2.22099
2.21976
2.21846
2.21704
2.21559
2.21402
2.21239
2.21067
2.20884
2.20692
2.20488
2.20277
2.20056
2.19834
2.19604
2.19381
2.19159
2.18947
2.1875
2.18559
2.18397
2.18237
2.1811
2.17988
2.1789
2.17807
2.17737
2.1769
2.17647
2.17628
2.17612
2.17597
2.17599
2.17612
2.1763
2.1767
2.17698
2.17757
2.17794
2.1787
2.17914
2.18005
2.18056
2.18161
2.18219
2.18338
2.18403
2.18536
2.18614
2.18753
2.18853
2.18993
2.19113
2.19256
2.19396
2.19541
2.197
2.19844
2.2002
2.20163
2.20354
2.20495
2.20701
2.2084
2.21058
2.21193
2.21417
2.21546
2.21762
2.21853
2.22046
1.96177
1.96488
1.96814
1.97149
1.97503
1.9786
1.98243
1.98622
1.99025
1.99413
1.99824
2.00214
2.00636
2.01042
2.01489
2.01923
2.024
2.02865
2.03364
2.03848
2.04352
2.04836
2.05328
2.058
2.06273
2.06734
2.07198
2.07663
2.08137
2.0862
2.09118
2.09627
2.10149
2.10678
2.11214
2.11755
2.12297
2.12843
2.13383
2.13926
2.14457
2.14993
2.15512
2.16035
2.16538
2.17045
2.17527
2.18011
2.18466
2.18922
2.19344
2.19764
2.20147
2.20523
2.20863
2.21188
2.21474
2.21743
2.21969
2.22174
2.22334
2.22467
2.22553
2.22606
2.22612
2.22605
2.22577
2.22518
2.22433
2.22319
2.22178
2.22027
2.2186
2.21681
2.21493
2.21291
2.21083
2.20862
2.20635
2.20398
2.20157
2.1991
2.19664
2.19417
2.19181
2.18947
2.18735
2.18529
2.1835
2.18179
2.18039
2.17905
2.17804
2.17706
2.17643
2.17577
2.1755
2.17515
2.17511
2.17503
2.17506
2.17516
2.17545
2.17569
2.17622
2.17656
2.17725
2.17767
2.17851
2.17899
2.17998
2.18053
2.18165
2.18226
2.18352
2.1842
2.1856
2.18635
2.18788
2.18876
2.19031
2.19138
2.19295
2.1942
2.19578
2.19721
2.19877
2.2004
2.20195
2.20377
2.2053
2.2073
2.2088
2.21096
2.21241
2.21467
2.21602
2.21824
2.21918
2.22114
1.96056
1.96395
1.96734
1.97088
1.97442
1.97811
1.98173
1.98545
1.98907
1.99278
1.99652
2.0003
2.00431
2.00819
2.0125
2.01654
2.0211
2.02534
2.03003
2.03445
2.03922
2.04382
2.04867
2.05346
2.05846
2.06349
2.06866
2.07389
2.07923
2.08464
2.09012
2.09567
2.10128
2.1069
2.11256
2.1182
2.12384
2.12944
2.13499
2.14048
2.14587
2.15122
2.15641
2.16156
2.16655
2.17149
2.17624
2.18093
2.18543
2.18985
2.19405
2.19816
2.20203
2.20576
2.20924
2.21254
2.21554
2.21832
2.22075
2.22293
2.22471
2.22621
2.22727
2.22797
2.22817
2.22809
2.22792
2.22744
2.22659
2.22539
2.22384
2.22216
2.22023
2.21821
2.216
2.21368
2.21126
2.20871
2.20612
2.20346
2.20076
2.19809
2.19542
2.19285
2.19036
2.18801
2.18584
2.18381
2.18205
2.1804
2.17907
2.17782
2.17689
2.17604
2.17546
2.17494
2.17472
2.17448
2.17448
2.17447
2.17453
2.17468
2.17501
2.17528
2.17584
2.17618
2.1769
2.17733
2.1782
2.1787
2.17972
2.18029
2.18147
2.18212
2.18345
2.18417
2.18565
2.18644
2.18804
2.18893
2.19058
2.19164
2.19332
2.19453
2.19623
2.19759
2.19929
2.20081
2.20252
2.20421
2.20591
2.20778
2.20945
2.21147
2.21309
2.21522
2.2167
2.21882
2.2198
2.22167
1.96216
1.96546
1.96888
1.97257
1.97633
1.98027
1.98416
1.98818
1.99205
1.99608
1.99995
2.00398
2.00793
2.01195
2.01598
2.0199
2.0239
2.0277
2.03162
2.03547
2.03952
2.04367
2.04808
2.05265
2.05749
2.06247
2.06766
2.07297
2.0784
2.08395
2.08952
2.0952
2.10084
2.10655
2.11218
2.11785
2.12339
2.12895
2.13435
2.13973
2.14497
2.15014
2.15519
2.16012
2.165
2.16969
2.17438
2.17884
2.18333
2.18756
2.19182
2.19581
2.19981
2.20351
2.20718
2.21052
2.21379
2.2167
2.21946
2.2218
2.22394
2.2256
2.22698
2.22784
2.22829
2.22825
2.22817
2.22775
2.22697
2.22576
2.2242
2.22233
2.22027
2.21798
2.21556
2.21297
2.21027
2.20751
2.20466
2.20182
2.19893
2.19612
2.19336
2.19073
2.18824
2.18593
2.18379
2.18189
2.18018
2.17869
2.17746
2.17634
2.17554
2.17479
2.17433
2.17393
2.17378
2.17365
2.17367
2.1737
2.17379
2.17394
2.17429
2.17455
2.17508
2.17541
2.1761
2.17652
2.17739
2.17789
2.17894
2.17954
2.18078
2.18147
2.1829
2.18368
2.18529
2.18615
2.1879
2.18887
2.19071
2.19181
2.19368
2.1949
2.19677
2.19814
2.20002
2.20154
2.20341
2.20509
2.20696
2.20879
2.21062
2.21259
2.21436
2.21642
2.21802
2.22004
2.2211
2.22285
1.95994
1.9633
1.96673
1.97035
1.97403
1.97784
1.98166
1.98561
1.98946
1.99347
1.99729
2.0013
2.005
2.00881
2.01226
2.01576
2.01903
2.02247
2.02588
2.02957
2.03337
2.03748
2.04183
2.04647
2.05139
2.05654
2.06193
2.06746
2.07314
2.07891
2.08469
2.09056
2.09632
2.10218
2.10786
2.11362
2.11916
2.12477
2.13016
2.13558
2.14083
2.14606
2.15118
2.15623
2.16125
2.16612
2.17103
2.17573
2.18049
2.18501
2.1896
2.19389
2.19824
2.20222
2.20626
2.20986
2.21349
2.21658
2.21969
2.2222
2.22466
2.22647
2.22817
2.22917
2.22991
2.22994
2.22989
2.22961
2.22879
2.22761
2.22595
2.22392
2.2216
2.21906
2.21629
2.2134
2.21035
2.20727
2.2041
2.201
2.19789
2.19494
2.19205
2.18937
2.18687
2.18456
2.18251
2.18066
2.17909
2.17771
2.17659
2.17565
2.17492
2.1744
2.17401
2.17382
2.17376
2.17383
2.17393
2.17405
2.17433
2.17458
2.17512
2.17545
2.17615
2.17656
2.17741
2.17789
2.17889
2.17944
2.18057
2.18119
2.18245
2.18313
2.18449
2.18521
2.18666
2.18742
2.18894
2.18974
2.19135
2.19219
2.19392
2.19487
2.19667
2.19781
2.19963
2.20096
2.20281
2.20434
2.20621
2.20795
2.20981
2.21172
2.21352
2.21553
2.21716
2.21916
2.22023
2.22195
1.95321
1.95715
1.96099
1.96467
1.96806
1.97124
1.9743
1.97739
1.98065
1.98417
1.98799
1.99215
1.99653
2.0012
2.00588
2.01074
2.01542
2.02025
2.02486
2.02971
2.0344
2.03944
2.0444
2.04968
2.05495
2.06046
2.06601
2.07168
2.07737
2.0831
2.08882
2.09452
2.10019
2.10581
2.11135
2.11686
2.12227
2.12768
2.13296
2.13827
2.14349
2.1487
2.15386
2.15896
2.1641
2.16909
2.17414
2.17902
2.18391
2.18861
2.1933
2.19773
2.20217
2.20624
2.21035
2.21399
2.21768
2.22081
2.22397
2.22651
2.22902
2.23087
2.23261
2.23364
2.23445
2.23444
2.2343
2.23402
2.23327
2.23194
2.23015
2.2279
2.22541
2.22251
2.21951
2.21616
2.21286
2.2093
2.20591
2.2024
2.19913
2.19588
2.19293
2.1901
2.18759
2.18526
2.18324
2.18146
2.17993
2.17866
2.17762
2.17678
2.17615
2.17571
2.17541
2.17533
2.17536
2.17556
2.1757
2.176
2.1763
2.17683
2.17735
2.17797
2.17866
2.17932
2.18016
2.18085
2.18179
2.18248
2.1835
2.18417
2.18522
2.18585
2.18688
2.18747
2.18848
2.18902
2.19001
2.19054
2.19154
2.19214
2.19315
2.19386
2.19495
2.19585
2.19709
2.19823
2.19964
2.20101
2.20258
2.20415
2.20582
2.20754
2.20922
2.21102
2.21259
2.21433
2.21537
2.21683
1.95817
1.96157
1.96506
1.96869
1.97225
1.97585
1.97933
1.98282
1.98635
1.99001
1.99387
1.99792
2.00209
2.0064
2.0106
2.01493
2.01903
2.02336
2.0275
2.03203
2.03647
2.04137
2.04629
2.05163
2.05703
2.06266
2.06831
2.07406
2.07981
2.08553
2.09124
2.09684
2.10243
2.10791
2.11336
2.11875
2.12408
2.12943
2.13468
2.13999
2.14521
2.15044
2.15562
2.16074
2.16584
2.17083
2.17583
2.18068
2.18551
2.19018
2.19479
2.19919
2.20355
2.20761
2.21163
2.21528
2.21889
2.22206
2.22517
2.22776
2.23026
2.23219
2.23395
2.23507
2.23595
2.23599
2.2359
2.23557
2.23495
2.23365
2.23184
2.22955
2.22696
2.22392
2.22079
2.21723
2.21379
2.20999
2.20649
2.20275
2.19943
2.19601
2.19305
2.19012
2.18764
2.1853
2.18335
2.1816
2.18013
2.17894
2.1779
2.17719
2.17655
2.1762
2.17591
2.17582
2.17587
2.176
2.17609
2.17629
2.17651
2.17691
2.17733
2.17774
2.17829
2.17871
2.17938
2.17985
2.1806
2.18108
2.18189
2.1824
2.18322
2.18376
2.18457
2.18513
2.18594
2.18656
2.18737
2.18809
2.18897
2.18983
2.19083
2.19186
2.19303
2.19424
2.1956
2.19697
2.19851
2.20001
2.2017
2.2033
2.20506
2.20671
2.20848
2.21012
2.21176
2.2133
2.21439
2.2156
1.95455
1.95826
1.96205
1.96595
1.96974
1.97353
1.97708
1.98052
1.98374
1.9869
1.99006
1.99332
1.99676
2.00045
2.00433
2.00859
2.01292
2.01774
2.02251
2.02781
2.03301
2.03865
2.0442
2.05
2.05573
2.06157
2.06735
2.07308
2.07875
2.08433
2.08987
2.09533
2.10077
2.10616
2.11152
2.11688
2.12219
2.12754
2.1328
2.13812
2.1433
2.14856
2.1537
2.15885
2.16392
2.16893
2.17386
2.17871
2.18345
2.18814
2.19264
2.1971
2.20136
2.20553
2.20949
2.21331
2.2169
2.22027
2.22341
2.22625
2.22881
2.23101
2.23286
2.23426
2.23524
2.23557
2.23547
2.23532
2.23473
2.23359
2.23185
2.22959
2.22693
2.22385
2.22055
2.21691
2.21329
2.20942
2.20579
2.20201
2.19864
2.19522
2.19226
2.18939
2.18693
2.18466
2.18273
2.18106
2.17962
2.1785
2.17748
2.17682
2.1762
2.17585
2.17563
2.17552
2.17558
2.17572
2.17584
2.17603
2.17631
2.17669
2.17717
2.17758
2.17822
2.17865
2.17937
2.17985
2.18062
2.1811
2.1819
2.18237
2.18315
2.18361
2.18437
2.18489
2.18563
2.18625
2.18703
2.18778
2.18867
2.18962
2.19068
2.19181
2.19307
2.19439
2.19585
2.19731
2.19896
2.20051
2.20229
2.20388
2.20572
2.20731
2.20913
2.21068
2.21235
2.21376
2.21488
2.21594
1.9627
1.96613
1.96971
1.9735
1.97731
1.98135
1.9853
1.98937
1.99323
1.99711
2.00083
2.00466
2.00835
2.0122
2.01572
2.01947
2.02274
2.02644
2.02972
2.03368
2.03749
2.04204
2.04665
2.05189
2.05717
2.06291
2.06854
2.07445
2.08009
2.08588
2.09139
2.09691
2.10224
2.10749
2.11265
2.11776
2.12278
2.12785
2.13276
2.13788
2.14271
2.14787
2.15268
2.15781
2.1626
2.16767
2.17241
2.17736
2.18201
2.1868
2.19129
2.19586
2.20012
2.20441
2.20837
2.2123
2.21589
2.21937
2.2225
2.22542
2.22797
2.23023
2.23208
2.23353
2.2345
2.23484
2.23471
2.23444
2.23384
2.23264
2.23093
2.22859
2.22579
2.22263
2.21912
2.21539
2.21151
2.20755
2.20368
2.19987
2.19627
2.1929
2.18978
2.18697
2.18445
2.18223
2.18031
2.17865
2.17731
2.1761
2.17528
2.17446
2.17401
2.17354
2.17334
2.17314
2.17312
2.17309
2.17302
2.17302
2.17304
2.1731
2.1732
2.1733
2.17348
2.17361
2.17389
2.1741
2.17455
2.17485
2.17548
2.17597
2.17679
2.17753
2.17855
2.17956
2.1808
2.18206
2.18352
2.18499
2.18667
2.1883
2.19015
2.19188
2.19385
2.19561
2.19766
2.19939
2.20146
2.20311
2.20518
2.20671
2.20875
2.21017
2.21213
2.21344
2.21525
2.21637
2.21762
2.21836
1.95063
1.95456
1.95854
1.96216
1.96569
1.96884
1.97195
1.97497
1.97813
1.98145
1.98505
1.98888
1.993
1.9973
2.00184
2.0065
2.01137
2.01637
2.02153
2.02688
2.03231
2.03794
2.04357
2.04933
2.05507
2.06082
2.06656
2.07225
2.07789
2.08353
2.08904
2.09459
2.10004
2.10548
2.11093
2.11629
2.12169
2.12704
2.13237
2.13772
2.14297
2.14829
2.15348
2.15875
2.16385
2.16903
2.17403
2.17908
2.18394
2.1888
2.19347
2.19809
2.20251
2.20684
2.21092
2.2149
2.21856
2.22212
2.22528
2.22831
2.23088
2.23329
2.23516
2.23678
2.2378
2.23834
2.23825
2.23817
2.2378
2.23665
2.23503
2.23281
2.23008
2.22695
2.22346
2.21971
2.2158
2.21182
2.20783
2.20399
2.20026
2.19686
2.19362
2.19081
2.18819
2.18598
2.18399
2.18235
2.18094
2.1798
2.17887
2.17816
2.17763
2.17727
2.17707
2.17706
2.17718
2.17739
2.17766
2.17801
2.17851
2.17914
2.17986
2.18065
2.18152
2.18244
2.18339
2.18435
2.18529
2.18622
2.18706
2.18783
2.18848
2.18908
2.18954
2.18994
2.1902
2.19051
2.19067
2.19099
2.19117
2.19158
2.19185
2.19246
2.19286
2.19376
2.19431
2.1955
2.19621
2.19764
2.19855
2.20011
2.20121
2.20279
2.20402
2.20556
2.2068
2.2082
2.20905
2.21009
)
;

boundaryField
{
    inlet
    {
        type            calculated;
        value           uniform 3.33159;
    }
    outlet
    {
        type            calculated;
        value           nonuniform List<scalar> 
56
(
0.718949
0.871565
0.99392
1.07678
1.15215
1.20844
1.24923
1.27971
1.30149
1.31738
1.33154
1.34512
1.3563
1.36406
1.37058
1.37644
1.38108
1.3861
1.39206
1.39912
1.40771
1.41716
1.42397
1.42927
1.43335
1.43484
1.43579
1.43807
1.43967
1.43969
1.43733
1.43266
1.42845
1.42496
1.42279
1.42026
1.41714
1.41412
1.41122
1.41008
1.41001
1.40957
1.40712
1.40375
1.40225
1.40085
1.39988
1.39848
1.39749
1.39802
1.39954
1.40026
1.40079
1.40213
1.3986
1.40478
)
;
    }
    bottom
    {
        type            symmetryPlane;
    }
    top
    {
        type            symmetryPlane;
    }
    obstacle
    {
        type            calculated;
        value           uniform 0;
    }
    defaultFaces
    {
        type            empty;
    }
}


// ************************************************************************* //
